1.85015737 	1.87988239 	1.91464676 	1.87998414 	1.91521572 	1.88366026 	1.92082691 	1.90293704 	1.93431312 	1.94126473 	1.97375099 	1.97646571 	2.03947550 	1.99778500 	2.09671306 	2.01374941 	2.12994090 	2.01889886 	2.14248301 	1.86435855 	2.09922356 	1.86464484 	2.11181136 	1.88542553 	2.18033300 	1.90697748 	2.28954437 	1.91324926 	2.33211456 	1.87015158 	2.62549461 	1.86753028 	2.70286949 	1.88742183 	1.88655737 	1.88857808 	1.89724011 	1.93055443 	1.98034544 	2.02321130 	2.05057448 	2.07022734 	2.07485755 	2.94750723 	
1.76537420 	1.80152777 	1.83237023 	1.80089849 	1.83222249 	1.80300409 	1.83667002 	1.81433508 	1.84665790 	1.83709092 	1.87468828 	1.85862276 	1.91825035 	1.87746377 	1.96115761 	1.89057127 	1.98929716 	1.89355287 	1.99966040 	1.78441919 	1.99500067 	1.78342005 	2.00315744 	1.78684099 	2.05244053 	1.80508000 	2.13828378 	1.80863656 	2.17524187 	1.76268765 	2.41524297 	1.77128169 	2.49231271 	1.80792683 	1.80755698 	1.80898467 	1.81549965 	1.83826246 	1.86846923 	1.89656063 	1.92032507 	1.93594950 	1.93940784 	2.72110447 	
1.66226188 	1.74892706 	1.77615896 	1.74745512 	1.77676810 	1.74868821 	1.78030743 	1.75380315 	1.78694950 	1.76607727 	1.80717690 	1.79792305 	1.83821285 	1.79111736 	1.87027733 	1.80003491 	1.89206953 	1.80162294 	1.89923734 	1.72718954 	1.92433062 	1.72028917 	1.93133341 	1.70970068 	1.96983920 	1.71872675 	2.03872627 	1.71794344 	2.07006186 	1.67215954 	2.28922719 	1.67030962 	2.35769542 	1.75370089 	1.75357669 	1.75579356 	1.75965705 	1.77497145 	1.79373193 	1.81335086 	1.82970715 	1.84104279 	1.84356419 	2.55784399 	
1.62374124 	1.76846318 	1.79199336 	1.76717148 	1.79269162 	1.76651171 	1.79503795 	1.76573503 	1.79930322 	1.76816033 	1.81138008 	1.77034355 	1.82994646 	1.77569214 	1.85072115 	1.77985830 	1.86418230 	1.77980049 	1.86864410 	1.74097902 	1.91734922 	1.72917827 	1.92274713 	1.70499206 	1.95112051 	1.70213760 	2.00248668 	1.69812201 	2.02414292 	1.65714919 	2.21956677 	1.63885837 	2.27286353 	1.77299527 	1.77291126 	1.77480131 	1.77595531 	1.78345619 	1.79232646 	1.80108673 	1.81051977 	1.81691915 	1.81760973 	2.43535343 	
1.63284218 	1.82301503 	1.84365863 	1.82205995 	1.84425404 	1.81954555 	1.84615358 	1.81445274 	1.84777874 	1.81020955 	1.85504589 	1.80553678 	1.86518422 	1.80497266 	1.87707763 	1.80521436 	1.88552680 	1.80402608 	1.88753205 	1.79102313 	1.95249172 	1.77534206 	1.95658724 	1.74168989 	1.97805666 	1.73033997 	2.01631583 	1.72274753 	2.04037986 	1.68686892 	2.20855288 	1.65518671 	2.25130498 	1.82732022 	1.82701897 	1.82846687 	1.82773929 	1.82990500 	1.83747464 	1.83380226 	1.83804730 	1.84018939 	1.83987546 	2.38610849 	
1.67058540 	1.89381858 	1.91244777 	1.89255626 	1.91267678 	1.88902272 	1.91449538 	1.88077607 	1.91467824 	1.87370283 	1.91808832 	1.86760434 	1.92286411 	1.85841293 	1.92881782 	1.85598004 	1.93312103 	1.85365107 	1.93640220 	1.85803265 	2.01002381 	1.83946844 	2.01338873 	1.79951693 	2.03019563 	1.78173389 	2.06021078 	1.77264583 	2.07170820 	1.73950630 	2.23567965 	1.69891567 	2.27106226 	1.89766971 	1.89743943 	1.89837272 	1.89667895 	1.89489193 	1.89219788 	1.88945289 	1.88963790 	1.88912143 	1.88789163 	2.38763016 	
1.72316128 	1.97054703 	1.98802476 	1.96934886 	1.98818510 	1.96491983 	1.98944065 	1.95445654 	1.98854109 	1.94213224 	1.98943236 	1.93445893 	1.99048688 	1.92317952 	1.99256240 	1.91834350 	1.99409051 	1.91593349 	1.99437968 	1.93193033 	2.07762129 	1.91106528 	2.08064656 	1.86701598 	2.09659629 	1.84478419 	2.11856450 	1.83441768 	2.13197795 	1.80336850 	2.28180646 	1.75509579 	2.31322547 	1.97440013 	1.97388371 	1.97453440 	1.97223460 	1.96779554 	1.96184232 	1.95576142 	1.95323630 	1.95087706 	1.94914178 	2.41737120 	
1.78466922 	2.04831807 	2.06460320 	2.04726389 	2.06514496 	2.04230360 	2.06604283 	2.02985383 	2.06435403 	2.01578302 	2.06340382 	2.00131144 	2.06203230 	1.99215597 	2.06121076 	1.98634699 	2.06096489 	1.98400905 	2.06057678 	2.00796557 	2.14851175 	1.98549884 	2.15138682 	1.93848064 	2.16299519 	1.91322879 	2.18284823 	1.90181967 	2.18993814 	1.87226863 	2.33761309 	1.81951033 	2.36590542 	2.05168604 	2.05153987 	2.05176648 	2.04890801 	2.04280049 	2.03460863 	2.02624848 	2.02179015 	2.01880597 	2.01615491 	2.46129324 	
1.85054650 	2.12438001 	2.13998149 	2.12338327 	2.14056460 	2.11805308 	2.14116161 	2.10456023 	2.13901967 	2.08876261 	2.13670555 	2.07303729 	2.13346771 	2.06244156 	2.13098957 	2.05595884 	2.12923377 	2.05310264 	2.12843539 	2.08297383 	2.21889660 	2.05956960 	2.22173813 	2.01039515 	2.23161137 	1.98312184 	2.24848459 	1.97124112 	2.25530774 	1.94293984 	2.39603840 	1.88699014 	2.42208672 	2.12772858 	2.12758418 	2.12783666 	2.12455077 	2.11701270 	2.10737911 	2.09743398 	2.09134642 	2.08746104 	2.08502298 	2.51088829 	
1.91795814 	2.19747070 	2.21226282 	2.19634284 	2.21280593 	2.19087517 	2.21317410 	2.17687312 	2.21075017 	2.15986350 	2.20766354 	2.14313449 	2.20292263 	2.13152182 	2.19903394 	2.12458159 	2.19636796 	2.12151413 	2.19550524 	2.15550388 	2.28695436 	2.13156619 	2.28960969 	2.08152699 	2.29818995 	2.05269307 	2.31276493 	2.04106538 	2.31817430 	2.01327761 	2.45399951 	1.95560115 	2.48428461 	2.20062249 	2.20048044 	2.20067173 	2.19695718 	2.18869156 	2.17786000 	2.16688236 	2.15984496 	2.15566791 	2.15301669 	2.56120239 	
1.98516335 	2.26648868 	2.28047759 	2.26532025 	2.28103187 	2.25970921 	2.28102472 	2.24537425 	2.27875226 	2.22763552 	2.27492215 	2.21043994 	2.26929147 	2.19824288 	2.26416105 	2.19072172 	2.26108657 	2.18781236 	2.25986482 	2.22440746 	2.35128885 	2.20006819 	2.35359848 	2.14981222 	2.36133503 	2.12021831 	2.37418270 	2.10829364 	2.37851938 	2.08191594 	2.50934718 	2.02301253 	2.53170851 	2.26925160 	2.26935488 	2.26937743 	2.26557688 	2.25660249 	2.24515048 	2.23350852 	2.22580802 	2.22120432 	2.21869909 	2.61035131 	
2.05097415 	2.33092359 	2.34410794 	2.32959544 	2.34457564 	2.32386387 	2.34480110 	2.30972025 	2.34218836 	2.29175887 	2.33798529 	2.27424591 	2.33172689 	2.26197184 	2.32613115 	2.25406790 	2.32248700 	2.25122455 	2.32096707 	2.28930234 	2.41126385 	2.26519772 	2.41353205 	2.21511726 	2.42058622 	2.18531828 	2.43175805 	2.17352899 	2.43558353 	2.14799442 	2.56100586 	2.08903162 	2.58207821 	2.33371137 	2.33370179 	2.33354240 	2.32975642 	2.32023295 	2.30868227 	2.29642237 	2.28851955 	2.28364263 	2.28113780 	2.65630984 	
2.11514540 	2.39032057 	2.40297326 	2.38931757 	2.40338670 	2.38347160 	2.40362376 	2.36932720 	2.40091527 	2.35150427 	2.39641768 	2.33398905 	2.38975403 	2.32152232 	2.38388154 	2.31382915 	2.37984951 	2.31101253 	2.37825389 	2.34947373 	2.46663867 	2.32585953 	2.46881350 	2.27665975 	2.47530065 	2.24689596 	2.48493936 	2.23523070 	2.48850728 	2.21081111 	2.60850566 	2.15238895 	2.62881193 	2.39314130 	2.39307335 	2.39295715 	2.38909216 	2.37929920 	2.36753768 	2.35548971 	2.34721371 	2.34221193 	2.33974005 	2.69874763 	
2.17605811 	2.44534774 	2.45738374 	2.44430761 	2.45768085 	2.43873378 	2.45792465 	2.42473472 	2.45494854 	2.40718577 	2.45059570 	2.38971279 	2.44374544 	2.37752533 	2.43762628 	2.36986611 	2.43328610 	2.36688807 	2.43176085 	2.40552912 	2.51773446 	2.38253717 	2.51969217 	2.33444273 	2.52561145 	2.30495813 	2.53411523 	2.29373248 	2.53751732 	2.27027841 	2.65204689 	2.21295747 	2.67061424 	2.44803211 	2.44808044 	2.44806640 	2.44382710 	2.43423709 	2.42250660 	2.41047684 	2.40220726 	2.39719732 	2.39468267 	2.73760120 	
2.23429739 	2.49603381 	2.50729413 	2.49492167 	2.50755722 	2.48948573 	2.50780506 	2.47581060 	2.50477767 	2.45857996 	2.50040453 	2.44158702 	2.49349062 	2.42931150 	2.48724548 	2.42184722 	2.48289797 	2.41894216 	2.48118784 	2.45729272 	2.56452926 	2.43511008 	2.56629222 	2.38837684 	2.57172374 	2.35953602 	2.57899429 	2.34847683 	2.58239105 	2.32611896 	2.69168643 	2.27032986 	2.70918606 	2.49854657 	2.49854343 	2.49819916 	2.49435289 	2.48481622 	2.47327500 	2.46143515 	2.45324091 	2.44822432 	2.44571633 	2.77260484 	
2.28899682 	2.54248758 	2.55300508 	2.54131953 	2.55326515 	2.53610264 	2.55355071 	2.52274353 	2.55071102 	2.50600525 	2.54620059 	2.48949499 	2.53928548 	2.47755086 	2.53305596 	2.47026246 	2.52864763 	2.46731956 	2.52701148 	2.50503325 	2.60720241 	2.48357432 	2.60880135 	2.43847867 	2.61383440 	2.41031460 	2.62078670 	2.39968586 	2.62347886 	2.37837347 	2.72752565 	2.32404244 	2.74408095 	2.54487863 	2.54483228 	2.54462240 	2.54074526 	2.53134099 	2.52005586 	2.50841329 	2.50022879 	2.49540314 	2.49303883 	2.80417703 	
2.34066975 	2.58487173 	2.59491281 	2.58379208 	2.59505832 	2.57879405 	2.59529775 	2.56583909 	2.59260418 	2.54963086 	2.58806561 	2.53365662 	2.58132170 	2.52215234 	2.57519456 	2.51501965 	2.57068763 	2.51204855 	2.56906973 	2.54888624 	2.64612029 	2.52822850 	2.64757560 	2.48471193 	2.65215059 	2.45757533 	2.65853629 	2.44731330 	2.66099138 	2.42696044 	2.75986853 	2.37451707 	2.77536482 	2.58713346 	2.58707099 	2.58699856 	2.58317238 	2.57396314 	2.56306357 	2.55157917 	2.54376568 	2.53899706 	2.53672147 	2.83220045 	
2.38903644 	2.62369047 	2.63305059 	2.62260491 	2.63319797 	2.61772496 	2.63346885 	2.60528011 	2.63083975 	2.58973610 	2.62634167 	2.57432056 	2.61975937 	2.56306819 	2.61366268 	2.55650287 	2.60936459 	2.55344140 	2.60781164 	2.58917270 	2.68148830 	2.56930163 	2.68286208 	2.52748840 	2.68708925 	2.50141099 	2.69331145 	2.49153409 	2.69532360 	2.47214503 	2.78903485 	2.42167456 	2.80377238 	2.62581059 	2.62581438 	2.62544611 	2.62183003 	2.61305946 	2.60244661 	2.59140558 	2.58381013 	2.57914510 	2.57692487 	2.85761555 	
2.43423034 	2.65908511 	2.66801091 	2.65807172 	2.66814398 	2.65348268 	2.66832333 	2.64148184 	2.66577359 	2.62644082 	2.66143282 	2.61170834 	2.65505051 	2.60081556 	2.64900846 	2.59441953 	2.64489617 	2.59149886 	2.64337476 	2.62616294 	2.71369746 	2.60727181 	2.71498099 	2.56695673 	2.71892816 	2.54191863 	2.72438907 	2.53254263 	2.72654804 	2.51408918 	2.81539697 	2.46566342 	2.82921968 	2.66105989 	2.66113878 	2.66076428 	2.65728557 	2.64884591 	2.63854617 	2.62795408 	2.62058055 	2.61603946 	2.61392015 	2.88027431 	
2.47643741 	2.69147935 	2.69987643 	2.69045985 	2.69994215 	2.68594762 	2.70017888 	2.67452213 	2.69767798 	2.66018223 	2.69345526 	2.64609288 	2.68738461 	2.63562511 	2.68141692 	2.62934672 	2.67746525 	2.62661923 	2.67597406 	2.65994701 	2.74296092 	2.64189410 	2.74424426 	2.60342259 	2.74775085 	2.57937535 	2.75291084 	2.57046771 	2.75495468 	2.55294814 	2.83917756 	2.50654559 	2.85231506 	2.69330456 	2.69336663 	2.69302900 	2.68964406 	2.68165031 	2.67165867 	2.66149666 	2.65434651 	2.65005617 	2.64796805 	2.90056061 	
2.51623256 	2.72102711 	2.72898579 	2.71998968 	2.72898479 	2.71572022 	2.72917951 	2.70476899 	2.72676779 	2.69116247 	2.72271511 	2.67766813 	2.71680650 	2.66757219 	2.71118732 	2.66163611 	2.70735645 	2.65909013 	2.70589162 	2.69094578 	2.76954093 	2.67383727 	2.77071577 	2.63727369 	2.77419804 	2.61425615 	2.77879985 	2.60571626 	2.78069300 	2.58919978 	2.86032803 	2.54494201 	2.87270476 	2.72262942 	2.72272450 	2.72235806 	2.71919701 	2.71152439 	2.70197449 	2.69230139 	2.68540840 	2.68131584 	2.67935913 	2.91844186 	
2.55362144 	2.74829970 	2.75544531 	2.74702127 	2.75543618 	2.74290697 	2.75557949 	2.73252935 	2.75332544 	2.71957721 	2.74943224 	2.70690629 	2.74382649 	2.69726909 	2.73849249 	2.69147725 	2.73480301 	2.68912874 	2.73342712 	2.71941754 	2.79360819 	2.70323102 	2.79478330 	2.66847990 	2.79800118 	2.64673613 	2.80229043 	2.63858467 	2.80404720 	2.62297404 	2.87927628 	2.58097412 	2.89096489 	2.74945877 	2.74949631 	2.74918934 	2.74622496 	2.73876020 	2.72985249 	2.72057344 	2.71402382 	2.71018742 	2.70830918 	2.93418201 	
2.58820815 	2.77263613 	2.77973038 	2.77174819 	2.77971161 	2.76788540 	2.77992386 	2.75796822 	2.77767219 	2.74569279 	2.77389691 	2.73365475 	2.76862806 	2.72451164 	2.76352960 	2.71903172 	2.75997750 	2.71681622 	2.75873179 	2.74561556 	2.81568704 	2.73029515 	2.81679584 	2.69727812 	2.81980301 	2.67659530 	2.82379582 	2.66889049 	2.82541014 	2.65412016 	2.89647293 	2.61421015 	2.90747088 	2.77411616 	2.77410818 	2.77380953 	2.77098545 	2.76383501 	2.75551429 	2.74660458 	2.74044261 	2.73673054 	2.73484509 	2.94852091 	
2.62025751 	2.79524287 	2.80197782 	2.79444639 	2.80195262 	2.79079967 	2.80213078 	2.78139009 	2.79996755 	2.76969464 	2.79648726 	2.75817453 	2.79131121 	2.74953978 	2.78647862 	2.74437832 	2.78311720 	2.74222303 	2.78185857 	2.76960665 	2.83585567 	2.75514042 	2.83690072 	2.72384915 	2.83980991 	2.70416981 	2.84349334 	2.69685106 	2.84496254 	2.68289713 	2.91216981 	2.64497881 	2.92264234 	2.79666786 	2.79663853 	2.79640706 	2.79375979 	2.78687320 	2.77890139 	2.77055049 	2.76461851 	2.76112984 	2.75936184 	2.96128165 	
2.65004990 	2.81607096 	2.82243216 	2.81532678 	2.82237177 	2.81180220 	2.82254319 	2.80289746 	2.82037079 	2.79177738 	2.81721433 	2.78082177 	2.81228286 	2.77263789 	2.80760090 	2.76772564 	2.80444165 	2.76562369 	2.80323416 	2.79177713 	2.85440491 	2.77802161 	2.85537801 	2.74830705 	2.85807745 	2.72962577 	2.86151643 	2.72272997 	2.86296172 	2.70947621 	2.92649863 	2.67338795 	2.93639551 	2.81738961 	2.81735835 	2.81719541 	2.81465973 	2.80806369 	2.80050785 	2.79253027 	2.78691084 	2.78355067 	2.78194157 	2.97299336 	
2.67756917 	2.83523520 	2.84122826 	2.83445130 	2.84115925 	2.83113707 	2.84127573 	2.82268529 	2.83927052 	2.81208822 	2.83622933 	2.80168887 	2.83153675 	2.79391274 	2.82703451 	2.78918990 	2.82402202 	2.78726943 	2.82289029 	2.81224380 	2.87147871 	2.79910444 	2.87239748 	2.77091314 	2.87487900 	2.75313948 	2.87808677 	2.74655713 	2.87945559 	2.73400013 	2.93956835 	2.69971891 	2.94895369 	2.83879026 	2.83641577 	2.83625048 	2.83382626 	2.82755211 	2.82035429 	2.81280752 	2.80743404 	2.80424221 	2.80270337 	2.98355660 	
2.70300771 	2.85268956 	2.85855633 	2.85211231 	2.85844835 	2.84893841 	2.85855790 	2.84089336 	2.85666339 	2.83082415 	2.85374258 	2.82091100 	2.84926394 	2.81354392 	2.84498066 	2.80912786 	2.84205520 	2.80721327 	2.84096573 	2.83095280 	2.88711437 	2.81854982 	2.88799406 	2.79162772 	2.89030896 	2.77477980 	2.89339606 	2.76853811 	2.89462066 	2.75669216 	2.95158400 	2.72406433 	2.96049826 	2.85396252 	2.85396274 	2.85382792 	2.85146721 	2.84550817 	2.83868866 	2.83138946 	2.82637828 	2.82334155 	2.82193545 	2.99333177 	
2.72662090 	2.86901506 	2.87450470 	2.86837374 	2.87439196 	2.86537496 	2.87451040 	2.85769674 	2.87271962 	2.84811296 	2.86985962 	2.83867302 	2.86559894 	2.83168177 	2.86150069 	2.82749952 	2.85871059 	2.82563358 	2.85771826 	2.84833462 	2.90150180 	2.83647730 	2.90232634 	2.81095823 	2.90450732 	2.79490629 	2.90741065 	2.78891471 	2.90857777 	2.77767883 	2.96257773 	2.74660192 	2.97107359 	2.87014416 	2.87011860 	2.86998809 	2.86779138 	2.86207465 	2.85558735 	2.84874315 	2.84383555 	2.84098046 	2.83961141 	3.00213370 	
2.74861561 	2.88400749 	2.88917481 	2.88339199 	2.88908739 	2.88051338 	2.88919303 	2.87321717 	2.88745255 	2.86410758 	2.88477818 	2.85510828 	2.88068900 	2.84843971 	2.87688781 	2.84444774 	2.87412709 	2.84277995 	2.87319838 	2.86769355 	2.91474936 	2.85302375 	2.91554888 	2.82882373 	2.91761387 	2.81347552 	2.92037664 	2.80778975 	2.92145128 	2.79711640 	2.97263047 	2.76752837 	2.98068611 	2.88511296 	2.88508793 	2.88492148 	2.88279828 	2.87739427 	2.87118595 	2.86470033 	2.85997627 	2.85729868 	2.85602730 	3.01024695 	
2.76890062 	2.89792979 	2.90290377 	2.89726889 	2.90267102 	2.89454957 	2.90272068 	2.88758387 	2.90115848 	2.87890500 	2.89855493 	2.87032680 	2.89465532 	2.86397348 	2.89103929 	2.86016501 	2.88838313 	2.85854414 	2.88748150 	2.88181762 	2.92702162 	2.86840438 	2.92773722 	2.84532817 	2.92966977 	2.83071235 	2.93229135 	2.82531490 	2.93336157 	2.81514356 	2.98188857 	2.78695167 	2.98964308 	2.89889339 	2.89883850 	2.89871547 	2.89669692 	2.89154549 	2.88565290 	2.87945082 	2.87494696 	2.87241568 	2.87119263 	3.01759479 	
2.78807478 	2.91064969 	2.91533141 	2.91006300 	2.91517258 	2.90750036 	2.91524431 	2.90091603 	2.91371649 	2.89259712 	2.91127919 	2.88447634 	2.90754967 	2.87840364 	2.90401682 	2.87477810 	2.90155107 	2.87326474 	2.90074465 	2.89278986 	2.93832522 	2.88262844 	2.93896329 	2.86067001 	2.94086246 	2.84675335 	2.94326692 	2.84165140 	2.94430138 	2.83197804 	2.99041073 	2.80516610 	2.99775812 	2.91160754 	2.91156442 	2.91142841 	2.90952609 	2.90467580 	2.89902681 	2.89310867 	2.88879215 	2.88642890 	2.88529408 	3.02432137 	
2.80575419 	2.92255059 	2.92701177 	2.92200560 	2.92684748 	2.91954245 	2.92692273 	2.91324999 	2.92551195 	2.90535005 	2.92311629 	2.89761212 	2.91954982 	2.89178013 	2.91615245 	2.88836269 	2.91383925 	2.88687895 	2.91305054 	2.90557999 	2.94878904 	2.89580637 	2.94938866 	2.87493222 	2.95118468 	2.86166608 	2.95347997 	2.85681941 	2.95442851 	2.84762683 	2.99820080 	2.82206163 	3.00521119 	2.92345134 	2.92341228 	2.92332550 	2.92145958 	2.91680762 	2.91144454 	2.90582578 	2.90165770 	2.89942931 	2.89830505 	3.03061992 	
2.82229805 	2.93350792 	2.93772383 	2.93305954 	2.93762976 	2.93067491 	2.93767203 	2.92466872 	2.93632113 	2.91715817 	2.93395877 	2.90979912 	2.93065788 	2.90426761 	2.92737925 	2.90098931 	2.92520430 	2.89956746 	2.92439147 	2.91735839 	2.95842961 	2.90807177 	2.95904947 	2.88826218 	2.96071993 	2.87560630 	2.96289428 	2.87098926 	2.96378006 	2.86221059 	3.00540294 	2.83791299 	3.01207116 	2.93438418 	2.93433716 	2.93428340 	2.93248896 	2.92813367 	2.92299821 	2.91762004 	2.91366837 	2.91150704 	2.91039926 	3.03618661 	
2.83788870 	2.94370064 	2.94771239 	2.94329161 	2.94763543 	2.94094728 	2.94768036 	2.93528581 	2.94638072 	2.92813494 	2.94417349 	2.92114625 	2.94096026 	2.91587369 	2.93784269 	2.91273336 	2.93579094 	2.91140119 	2.93501442 	2.92831777 	2.96737520 	2.91955377 	2.96795173 	2.90061014 	2.96956962 	2.88861292 	2.97160962 	2.88421964 	2.97247461 	2.87582431 	3.01200214 	2.85268340 	3.01834645 	2.94454207 	2.94449557 	2.94443675 	2.94272965 	2.93857914 	2.93371694 	2.92856326 	2.92481047 	2.92276457 	2.92167222 	3.04125012 	
2.85249642 	2.95320999 	2.95703522 	2.95277388 	2.95696583 	2.95057008 	2.95701100 	2.94517494 	2.95575227 	2.93839163 	2.95356497 	2.93173019 	2.95056286 	2.92665659 	2.94759381 	2.92370713 	2.94560114 	2.92242797 	2.94490103 	2.93855303 	2.97567771 	2.93022884 	2.97621487 	2.91222690 	2.97774926 	2.90074337 	2.97966664 	2.89658942 	2.98051947 	2.88859222 	3.01803420 	2.86658627 	3.02410575 	2.95401230 	2.95397325 	2.95391276 	2.95226899 	2.94830501 	2.94367757 	2.93880876 	2.93520535 	2.93328941 	2.93221038 	3.04787428 	
2.86625084 	2.96413410 	2.96567302 	2.96167496 	2.96564133 	2.95958911 	2.96567723 	2.95438043 	2.96445025 	2.94795438 	2.96244156 	2.94163027 	2.95951368 	2.93683779 	2.95669792 	2.93400447 	2.95484161 	2.93274683 	2.95411834 	2.94811961 	2.98339377 	2.94021140 	2.98386103 	2.92312362 	2.98534387 	2.91218954 	2.98713743 	2.90823000 	2.98793037 	2.90063064 	3.02350039 	2.87965468 	3.02926865 	2.96283140 	2.96279200 	2.96275083 	2.96117578 	2.95739439 	2.95293840 	2.94835939 	2.94493481 	2.94309485 	2.94210312 	3.05000739 	
2.87936611 	2.97026325 	2.97367133 	2.96991928 	2.97366922 	2.96791916 	2.97364565 	2.96298183 	2.97252132 	2.95690629 	2.97063160 	2.95089296 	2.96783710 	2.94635051 	2.96516477 	2.94363128 	2.96338247 	2.94244083 	2.96272453 	2.95706449 	2.99051044 	2.94952915 	2.99093802 	2.93332573 	2.99231978 	2.92296784 	2.99402924 	2.91919240 	2.99477769 	2.91198725 	3.02852442 	2.89209097 	3.03401058 	2.97096794 	2.97088653 	2.97097415 	2.96945742 	2.96586255 	2.96159564 	2.95727154 	2.95401274 	2.95226078 	2.95128745 	3.05364463 	
2.89201451 	2.97794628 	2.98174595 	2.97758547 	2.98112969 	2.97570881 	2.98112519 	2.97100155 	2.98006198 	2.96529578 	2.97824766 	2.95959350 	2.97559322 	2.95536638 	2.97308328 	2.95273215 	2.97138543 	2.95159677 	2.97081584 	2.96541860 	2.99707682 	2.95837978 	2.99747343 	2.94301961 	2.99872656 	2.93322353 	3.00038169 	2.92964234 	3.00108143 	2.92281671 	3.03290523 	2.90401226 	3.03811260 	2.97859486 	2.97857749 	2.97856240 	2.97714833 	2.97376634 	2.96970618 	2.96561873 	2.96253529 	2.96088058 	2.96002319 	3.05726713 	
2.90441483 	2.98502263 	2.98798702 	2.98469447 	2.98798399 	2.98292036 	2.98799518 	2.97849984 	2.98700385 	2.97316828 	2.98530530 	2.96784248 	2.98286260 	2.96384760 	2.98046965 	2.96140284 	2.97893603 	2.96031522 	2.97838360 	2.97327180 	3.00295192 	2.96666037 	3.00331428 	2.95226533 	3.00449220 	2.94305996 	3.00611990 	2.93976285 	3.00675724 	2.93334146 	3.03661889 	2.91572845 	3.04148719 	2.98564587 	2.98565825 	2.98561582 	2.98427541 	2.98110432 	2.97732418 	2.97352782 	2.97061820 	2.96903123 	2.96824004 	3.05892051 	
2.91680333 	2.99164384 	2.99436950 	2.99129204 	2.99435593 	2.98967968 	2.99437047 	2.98551652 	2.99344162 	2.98060752 	2.99188359 	2.97560784 	2.98959460 	2.97193595 	2.98737223 	2.96968752 	2.98596481 	2.96870240 	2.98545566 	2.98069957 	3.00830962 	2.97448083 	3.00865158 	2.96119367 	3.00975466 	2.95259538 	3.01121642 	2.94954056 	3.01185941 	2.94353995 	3.03960527 	2.92720782 	3.04414058 	2.99218640 	2.99216755 	2.99212926 	2.99089416 	2.98792628 	2.98442251 	2.98092438 	2.97821642 	2.97678699 	2.97603447 	3.06034375 	
