0.02335383 	0.00355464 	0.00176608 	0.00115287 	0.00086336 	0.00070465 	0.00061123 	0.00055614 	0.00052612 	0.00051461 	0.00051981 	0.00054035 	0.00057743 	0.00063463 	0.00071606 	0.00082884 	0.00097709 	0.00113356 	0.00118837 	0.00138518 	0.00159874 	0.00135128 	0.00132515 	0.00118880 	0.00104692 	0.00093020 	0.00084024 	0.00077286 	0.00072598 	0.00069697 	0.00068552 	0.00069399 	0.00072499 	0.00078684 	0.00089613 	0.00108706 	0.00144097 	0.00219941 	0.00442635 	0.02915855 	
0.00355463 	0.02782751 	0.00424747 	0.00211878 	0.00139012 	0.00104707 	0.00086002 	0.00075112 	0.00068869 	0.00065690 	0.00064832 	0.00066148 	0.00069508 	0.00075173 	0.00083649 	0.00095485 	0.00110989 	0.00126728 	0.00130223 	0.00143884 	0.00166732 	0.00147582 	0.00147285 	0.00133982 	0.00119397 	0.00107360 	0.00098124 	0.00091552 	0.00087297 	0.00085298 	0.00085802 	0.00089079 	0.00096103 	0.00108839 	0.00131342 	0.00173264 	0.00263342 	0.00528288 	0.03473484 	0.00442635 	
0.00176608 	0.00424746 	0.03337032 	0.00510898 	0.00255937 	0.00168835 	0.00127967 	0.00105832 	0.00093150 	0.00086069 	0.00082836 	0.00082561 	0.00085098 	0.00090468 	0.00099047 	0.00111624 	0.00127654 	0.00143260 	0.00144193 	0.00150326 	0.00174666 	0.00162432 	0.00165062 	0.00152454 	0.00137703 	0.00125256 	0.00116162 	0.00110052 	0.00106875 	0.00106836 	0.00110208 	0.00118214 	0.00133100 	0.00159750 	0.00209679 	0.00317322 	0.00634509 	0.04164031 	0.00528287 	0.00219940 	
0.00115286 	0.00211878 	0.00510897 	0.04028542 	0.00618698 	0.00311392 	0.00206627 	0.00157646 	0.00131370 	0.00116530 	0.00108630 	0.00105546 	0.00106295 	0.00110777 	0.00119235 	0.00132072 	0.00148755 	0.00164217 	0.00161235 	0.00159180 	0.00184913 	0.00180031 	0.00187105 	0.00175416 	0.00160492 	0.00148216 	0.00139570 	0.00134757 	0.00133867 	0.00137254 	0.00146342 	0.00163867 	0.00195578 	0.00255451 	0.00384904 	0.00767042 	0.05025010 	0.00634508 	0.00263342 	0.00144096 	
0.00086336 	0.00139012 	0.00255937 	0.00618697 	0.04897141 	0.00754549 	0.00381597 	0.00254899 	0.00195923 	0.00164557 	0.00147228 	0.00138571 	0.00136135 	0.00138727 	0.00146323 	0.00159122 	0.00176118 	0.00191057 	0.00183231 	0.00173174 	0.00200368 	0.00201761 	0.00214622 	0.00204343 	0.00190013 	0.00178347 	0.00171226 	0.00169003 	0.00172163 	0.00182469 	0.00203155 	0.00241167 	0.00313352 	0.00469989 	0.00933491 	0.06105630 	0.00767041 	0.00317322 	0.00173264 	0.00108706 	
0.00070466 	0.00104708 	0.00168836 	0.00311392 	0.00754549 	0.05997092 	0.00927320 	0.00471751 	0.00317250 	0.00245711 	0.00208137 	0.00188095 	0.00178862 	0.00177663 	0.00183190 	0.00195106 	0.00211975 	0.00225629 	0.00211424 	0.00188540 	0.00216249 	0.00228730 	0.00249044 	0.00241558 	0.00228503 	0.00218809 	0.00214777 	0.00217512 	0.00229182 	0.00253641 	0.00299454 	0.00387155 	0.00578075 	0.01144101 	0.07472638 	0.00933490 	0.00384903 	0.00209679 	0.00131342 	0.00089613 	
0.00061124 	0.00086003 	0.00127968 	0.00206628 	0.00381596 	0.00927318 	0.07399505 	0.01148502 	0.00588176 	0.00398144 	0.00311178 	0.00266174 	0.00242981 	0.00233804 	0.00235074 	0.00244775 	0.00260178 	0.00271280 	0.00247887 	0.00209303 	0.00236345 	0.00262714 	0.00293428 	0.00290329 	0.00280585 	0.00274777 	0.00276752 	0.00289852 	0.00319002 	0.00374492 	0.00481561 	0.00716141 	0.01412146 	0.09213263 	0.01144099 	0.00469988 	0.00255451 	0.00159751 	0.00108840 	0.00078685 	
0.00055616 	0.00075113 	0.00105833 	0.00157647 	0.00254898 	0.00471751 	0.01148501 	0.09201365 	0.01434398 	0.00739492 	0.00504978 	0.00398264 	0.00344391 	0.00318119 	0.00309607 	0.00314314 	0.00326836 	0.00333343 	0.00296757 	0.00240866 	0.00264912 	0.00306954 	0.00352267 	0.00356561 	0.00352433 	0.00354266 	0.00369270 	0.00404062 	0.00471655 	0.00603505 	0.00893311 	0.01755908 	0.11445957 	0.01412145 	0.00578075 	0.00313352 	0.00195579 	0.00133101 	0.00096104 	0.00072501 	
0.00052613 	0.00068870 	0.00093150 	0.00131370 	0.00195923 	0.00317251 	0.00588181 	0.01434431 	0.11537437 	0.01806071 	0.00938541 	0.00648659 	0.00515954 	0.00451097 	0.00422404 	0.00415406 	0.00421366 	0.00420440 	0.00365738 	0.00288750 	0.00306669 	0.00367365 	0.00432835 	0.00448708 	0.00455305 	0.00473598 	0.00515346 	0.00598487 	0.00762508 	0.01122306 	0.02199015 	0.14334465 	0.01755948 	0.00716147 	0.00387156 	0.00241166 	0.00163867 	0.00118214 	0.00089080 	0.00069400 	
0.00051463 	0.00065692 	0.00086070 	0.00116532 	0.00164559 	0.00245712 	0.00398145 	0.00739501 	0.01806077 	0.14580714 	0.02295450 	0.01203815 	0.00839695 	0.00681177 	0.00600669 	0.00567678 	0.00558506 	0.00545487 	0.00464206 	0.00355893 	0.00362958 	0.00450927 	0.00545999 	0.00580285 	0.00609274 	0.00662214 	0.00766768 	0.00968742 	0.01420500 	0.02774503 	0.18087326 	0.02199022 	0.00893322 	0.00481562 	0.00299454 	0.00203156 	0.00146343 	0.00110209 	0.00085804 	0.00068554 	
0.00051986 	0.00064836 	0.00082840 	0.00108633 	0.00147229 	0.00208139 	0.00311179 	0.00504981 	0.00938545 	0.02295457 	0.18581528 	0.02945289 	0.01560774 	0.01103763 	0.00904070 	0.00811196 	0.00768971 	0.00728907 	0.00611313 	0.00459845 	0.00447824 	0.00573019 	0.00708841 	0.00779922 	0.00854603 	0.00984998 	0.01240864 	0.01810643 	0.03526337 	0.23003825 	0.02774510 	0.01122310 	0.00603509 	0.00374493 	0.00253643 	0.00182470 	0.00137257 	0.00106840 	0.00085303 	0.00069703 	
0.00054038 	0.00066154 	0.00082569 	0.00105552 	0.00138577 	0.00188099 	0.00266179 	0.00398268 	0.00648666 	0.01203821 	0.02945298 	0.23885142 	0.03818621 	0.02050988 	0.01473887 	0.01225179 	0.01105018 	0.01014574 	0.00834133 	0.00626058 	0.00580161 	0.00753273 	0.00958825 	0.01097884 	0.01274775 	0.01601194 	0.02325300 	0.04515041 	0.29491430 	0.03526348 	0.01420507 	0.00762516 	0.00471659 	0.00319006 	0.00229186 	0.00172168 	0.00133874 	0.00106885 	0.00087305 	0.00072603 	
0.00057752 	0.00069518 	0.00085109 	0.00106308 	0.00136144 	0.00178873 	0.00242990 	0.00344400 	0.00515968 	0.00839707 	0.01560786 	0.03818632 	0.30976755 	0.05008352 	0.02735688 	0.02000558 	0.01680847 	0.01477940 	0.01187458 	0.00905441 	0.00802783 	0.01034636 	0.01361539 	0.01645587 	0.02077644 	0.03008013 	0.05823398 	0.38113426 	0.04515054 	0.01810656 	0.00968755 	0.00598501 	0.00404071 	0.00289862 	0.00217524 	0.00169014 	0.00134772 	0.00110066 	0.00091563 	0.00077297 	
0.00063475 	0.00075182 	0.00090481 	0.00110790 	0.00138746 	0.00177686 	0.00233827 	0.00318140 	0.00451121 	0.00681201 	0.01103784 	0.02051014 	0.05008385 	0.40542284 	0.06655686 	0.03709940 	0.02755960 	0.02277759 	0.01783664 	0.01394815 	0.01192375 	0.01506423 	0.02060744 	0.02693050 	0.03913359 	0.07564296 	0.49645526 	0.05823436 	0.02325327 	0.01240887 	0.00766794 	0.00515372 	0.00369292 	0.00276778 	0.00214803 	0.00171248 	0.00139587 	0.00116177 	0.00098136 	0.00084037 	
0.00071621 	0.00083663 	0.00099059 	0.00119251 	0.00146347 	0.00183217 	0.00235105 	0.00309642 	0.00422449 	0.00600710 	0.00904118 	0.01473933 	0.02735730 	0.06655718 	0.53519275 	0.08970656 	0.05110253 	0.03781393 	0.02851491 	0.02299317 	0.01918158 	0.02357192 	0.03408186 	0.05090143 	0.09875757 	0.65104454 	0.07564332 	0.03008058 	0.01601244 	0.00985051 	0.00662260 	0.00473648 	0.00354307 	0.00274812 	0.00218840 	0.00178374 	0.00148234 	0.00125270 	0.00107377 	0.00093036 	
0.00082902 	0.00095498 	0.00111643 	0.00132086 	0.00159148 	0.00195138 	0.00244812 	0.00314359 	0.00415481 	0.00567767 	0.00811292 	0.01225266 	0.02000648 	0.03710014 	0.08970708 	0.70981004 	0.12232744 	0.07056956 	0.04926968 	0.04085199 	0.03380309 	0.04052200 	0.06499113 	0.12866139 	0.85526876 	0.09875814 	0.03913440 	0.02077742 	0.01274869 	0.00854708 	0.00609373 	0.00455382 	0.00352484 	0.00280627 	0.00228539 	0.00190042 	0.00160510 	0.00137724 	0.00119414 	0.00104712 	
0.00097732 	0.00111007 	0.00127681 	0.00148780 	0.00176151 	0.00212015 	0.00260223 	0.00326893 	0.00421469 	0.00558631 	0.00769113 	0.01105181 	0.01681040 	0.02756122 	0.05110405 	0.12232824 	0.93150492 	0.16616814 	0.09440696 	0.07854559 	0.06564273 	0.07963550 	0.16369697 	1.10629519 	0.12866223 	0.05090308 	0.02693227 	0.01645799 	0.01098062 	0.00780076 	0.00580418 	0.00448821 	0.00356625 	0.00290379 	0.00241601 	0.00204376 	0.00175445 	0.00152484 	0.00134004 	0.00118901 	
0.00113383 	0.00126756 	0.00143294 	0.00164253 	0.00191104 	0.00225685 	0.00271344 	0.00333448 	0.00420594 	0.00545660 	0.00729107 	0.01014830 	0.01478233 	0.02278100 	0.03781766 	0.07057285 	0.16616959 	1.15294395 	0.21757541 	0.16558443 	0.14270832 	0.19855136 	1.33818206 	0.16369839 	0.06499460 	0.03408591 	0.02061112 	0.01361852 	0.00959093 	0.00709052 	0.00546182 	0.00432997 	0.00352377 	0.00293499 	0.00249104 	0.00214673 	0.00187144 	0.00165101 	0.00147313 	0.00132540 	
0.00118890 	0.00130249 	0.00144236 	0.00161292 	0.00183300 	0.00211515 	0.00248024 	0.00296913 	0.00365971 	0.00464473 	0.00611615 	0.00834498 	0.01187887 	0.01784171 	0.02852095 	0.04927689 	0.09441497 	0.21757822 	1.20867595 	0.37982106 	0.34707907 	1.35348868 	0.19855403 	0.07964413 	0.04052961 	0.02357828 	0.01506954 	0.01035083 	0.00753652 	0.00573330 	0.00451204 	0.00367607 	0.00307115 	0.00262855 	0.00228825 	0.00201836 	0.00180093 	0.00162476 	0.00147607 	0.00135194 	
0.00138565 	0.00143947 	0.00150395 	0.00159263 	0.00173322 	0.00188808 	0.00209566 	0.00241177 	0.00289236 	0.00356427 	0.00460424 	0.00626786 	0.00906297 	0.01395805 	0.02300505 	0.04086636 	0.07856281 	0.16560366 	0.37983697 	1.76568516 	1.85994941 	0.34709574 	0.14272817 	0.06566038 	0.03381780 	0.01919368 	0.01193381 	0.00803653 	0.00580899 	0.00448419 	0.00363502 	0.00307165 	0.00265228 	0.00236614 	0.00216524 	0.00200523 	0.00184998 	0.00174735 	0.00166794 	0.00159921 	
0.00159922 	0.00166795 	0.00174736 	0.00184999 	0.00200526 	0.00216529 	0.00236619 	0.00265235 	0.00307176 	0.00363515 	0.00448436 	0.00580921 	0.00803680 	0.01193417 	0.01919418 	0.03381850 	0.06566142 	0.14272971 	0.34709825 	1.85995186 	1.76568777 	0.37983942 	0.16560509 	0.07856376 	0.04086698 	0.02300550 	0.01395838 	0.00906322 	0.00626806 	0.00460439 	0.00356439 	0.00289245 	0.00241185 	0.00209572 	0.00188813 	0.00173325 	0.00159264 	0.00150397 	0.00143948 	0.00138566 	
0.00135195 	0.00147608 	0.00162478 	0.00180096 	0.00201841 	0.00228830 	0.00262865 	0.00307129 	0.00367624 	0.00451226 	0.00573359 	0.00753689 	0.01035131 	0.01507019 	0.02357919 	0.04053086 	0.07964588 	0.19855590 	1.35349156 	0.34708402 	0.37982615 	1.20867878 	0.21758006 	0.09441658 	0.04927803 	0.02852178 	0.01784231 	0.01187932 	0.00834533 	0.00611642 	0.00464494 	0.00365987 	0.00296926 	0.00248034 	0.00211520 	0.00183305 	0.00161296 	0.00144238 	0.00130251 	0.00118891 	
0.00132542 	0.00147315 	0.00165104 	0.00187148 	0.00214678 	0.00249110 	0.00293506 	0.00352393 	0.00433019 	0.00546211 	0.00709087 	0.00959143 	0.01361912 	0.02061193 	0.03408697 	0.06499588 	0.16369995 	1.33818433 	0.19855454 	0.14271438 	0.16559057 	0.21757857 	1.15294619 	0.16617114 	0.07057403 	0.03781862 	0.02278173 	0.01478289 	0.01014878 	0.00729140 	0.00545687 	0.00420615 	0.00333464 	0.00271352 	0.00225691 	0.00191109 	0.00164257 	0.00143298 	0.00126757 	0.00113385 	
0.00118903 	0.00134007 	0.00152487 	0.00175449 	0.00204381 	0.00241607 	0.00290386 	0.00356635 	0.00448844 	0.00580448 	0.00780115 	0.01098111 	0.01645864 	0.02693300 	0.05090401 	0.12866340 	1.10629717 	0.16369927 	0.07963899 	0.06564919 	0.07855208 	0.09441040 	0.16617042 	0.93150679 	0.12232936 	0.05110492 	0.02756189 	0.01681100 	0.01105227 	0.00769150 	0.00558660 	0.00421491 	0.00326904 	0.00260231 	0.00212021 	0.00176156 	0.00148785 	0.00127685 	0.00111010 	0.00097733 	
0.00104714 	0.00119417 	0.00137727 	0.00160514 	0.00190046 	0.00228544 	0.00280634 	0.00352493 	0.00455394 	0.00609401 	0.00854745 	0.01274911 	0.02077795 	0.03913506 	0.09875898 	0.85527008 	0.12866296 	0.06499342 	0.04052538 	0.03380947 	0.04085833 	0.04927304 	0.07057182 	0.12232897 	0.70981129 	0.08970788 	0.03710076 	0.02000698 	0.01225306 	0.00811326 	0.00567794 	0.00415494 	0.00314369 	0.00244819 	0.00195144 	0.00159153 	0.00132090 	0.00111646 	0.00095501 	0.00082904 	
0.00093039 	0.00107380 	0.00125273 	0.00148238 	0.00178378 	0.00218845 	0.00274819 	0.00354314 	0.00473657 	0.00662270 	0.00985080 	0.01601283 	0.03008106 	0.07564391 	0.65104540 	0.09875866 	0.05090292 	0.03408394 	0.02357504 	0.01918733 	0.02299883 	0.02851799 	0.03781597 	0.05110400 	0.08970762 	0.53519356 	0.06655774 	0.02735776 	0.01473970 	0.00904146 	0.00600721 	0.00422459 	0.00309651 	0.00235112 	0.00183223 	0.00146351 	0.00119256 	0.00099062 	0.00083666 	0.00071624 	
0.00084040 	0.00098138 	0.00116180 	0.00139590 	0.00171252 	0.00214808 	0.00276783 	0.00369296 	0.00515377 	0.00766800 	0.01240895 	0.02325360 	0.05823473 	0.49645594 	0.07564370 	0.03913460 	0.02693182 	0.02060942 	0.01506708 	0.01192899 	0.01395333 	0.01783943 	0.02277950 	0.02756088 	0.03710038 	0.06655756 	0.40542346 	0.05008421 	0.02051047 	0.01103793 	0.00681207 	0.00451127 	0.00318145 	0.00233832 	0.00177691 	0.00138751 	0.00110794 	0.00090484 	0.00075185 	0.00063477 	
0.00077299 	0.00091566 	0.00110068 	0.00134775 	0.00169017 	0.00217527 	0.00289865 	0.00404074 	0.00598504 	0.00968759 	0.01810662 	0.04515065 	0.38113478 	0.05823452 	0.03008082 	0.02077734 	0.01645710 	0.01361710 	0.01034879 	0.00803236 	0.00905888 	0.01187694 	0.01478103 	0.01680965 	0.02000645 	0.02735755 	0.05008403 	0.30976802 	0.03818644 	0.01560792 	0.00839711 	0.00515971 	0.00344404 	0.00242993 	0.00178876 	0.00136149 	0.00106311 	0.00085112 	0.00069520 	0.00057754 	
0.00072605 	0.00087307 	0.00106887 	0.00133875 	0.00172169 	0.00229187 	0.00319007 	0.00471661 	0.00762518 	0.01420511 	0.03526353 	0.29491448 	0.04515052 	0.02325343 	0.01601257 	0.01274854 	0.01097989 	0.00958992 	0.00753492 	0.00580547 	0.00626435 	0.00834345 	0.01014735 	0.01105117 	0.01225255 	0.01473948 	0.02051029 	0.03818633 	0.23885158 	0.02945304 	0.01203825 	0.00648669 	0.00398270 	0.00266181 	0.00188101 	0.00138578 	0.00105554 	0.00082572 	0.00066156 	0.00054040 	
0.00069704 	0.00085304 	0.00106841 	0.00137258 	0.00182471 	0.00253644 	0.00374494 	0.00603510 	0.01122313 	0.02774514 	0.23003838 	0.03526343 	0.01810648 	0.01240872 	0.00985051 	0.00854674 	0.00780020 	0.00708969 	0.00573207 	0.00448160 	0.00460170 	0.00611493 	0.00729026 	0.00769062 	0.00811263 	0.00904120 	0.01103773 	0.01560780 	0.02945296 	0.18581540 	0.02295461 	0.00938548 	0.00504983 	0.00311180 	0.00208140 	0.00147231 	0.00108634 	0.00082841 	0.00064838 	0.00051988 	
0.00068554 	0.00085805 	0.00110209 	0.00146344 	0.00203156 	0.00299455 	0.00481563 	0.00893324 	0.02199025 	0.18087338 	0.02774507 	0.01420502 	0.00968745 	0.00766773 	0.00662223 	0.00609336 	0.00580373 	0.00546121 	0.00451100 	0.00363277 	0.00356203 	0.00464369 	0.00545601 	0.00558585 	0.00567733 	0.00600679 	0.00681184 	0.00839700 	0.01203818 	0.02295455 	0.14580725 	0.01806080 	0.00739503 	0.00398146 	0.00245713 	0.00164559 	0.00116532 	0.00086071 	0.00065693 	0.00051464 	
0.00069401 	0.00089080 	0.00118215 	0.00163867 	0.00241167 	0.00387157 	0.00716148 	0.01755950 	0.14334466 	0.02199017 	0.01122307 	0.00762510 	0.00598488 	0.00515347 	0.00473601 	0.00455313 	0.00448786 	0.00432947 	0.00367529 	0.00306983 	0.00289055 	0.00365891 	0.00420543 	0.00421435 	0.00415413 	0.00422407 	0.00451100 	0.00515958 	0.00648661 	0.00938543 	0.01806073 	0.11537438 	0.01434433 	0.00588182 	0.00317251 	0.00195924 	0.00131371 	0.00093151 	0.00068870 	0.00052614 	
0.00072501 	0.00096104 	0.00133101 	0.00195579 	0.00313352 	0.00578075 	0.01412146 	0.11445961 	0.01755908 	0.00893312 	0.00603505 	0.00471654 	0.00404060 	0.00369266 	0.00354257 	0.00352421 	0.00356545 	0.00352258 	0.00306949 	0.00264916 	0.00240863 	0.00296746 	0.00333328 	0.00326818 	0.00314299 	0.00309596 	0.00318116 	0.00344391 	0.00398264 	0.00504979 	0.00739493 	0.01434398 	0.09201368 	0.01148502 	0.00471751 	0.00254898 	0.00157647 	0.00105833 	0.00075113 	0.00055616 	
0.00078685 	0.00108840 	0.00159751 	0.00255451 	0.00469988 	0.01144099 	0.09213266 	0.01412146 	0.00716141 	0.00481561 	0.00374491 	0.00318999 	0.00289850 	0.00276746 	0.00274768 	0.00280573 	0.00290314 	0.00293411 	0.00262709 	0.00236343 	0.00209294 	0.00247876 	0.00271262 	0.00260160 	0.00244760 	0.00235063 	0.00233797 	0.00242979 	0.00266174 	0.00311178 	0.00398144 	0.00588176 	0.01148503 	0.07399508 	0.00927319 	0.00381596 	0.00206628 	0.00127968 	0.00086003 	0.00061124 	
0.00089613 	0.00131342 	0.00209679 	0.00384904 	0.00933491 	0.07472642 	0.01144101 	0.00578075 	0.00387155 	0.00299454 	0.00253640 	0.00229180 	0.00217509 	0.00214772 	0.00218800 	0.00228491 	0.00241541 	0.00249022 	0.00228705 	0.00216202 	0.00188491 	0.00211398 	0.00225604 	0.00211956 	0.00195091 	0.00183179 	0.00177656 	0.00178860 	0.00188095 	0.00208137 	0.00245712 	0.00317250 	0.00471751 	0.00927321 	0.05997096 	0.00754550 	0.00311392 	0.00168836 	0.00104708 	0.00070466 	
0.00108706 	0.00173264 	0.00317323 	0.00767042 	0.06105635 	0.00933492 	0.00469989 	0.00313352 	0.00241167 	0.00203155 	0.00182468 	0.00172161 	0.00169001 	0.00171219 	0.00178338 	0.00190000 	0.00204325 	0.00214600 	0.00201736 	0.00200332 	0.00173138 	0.00183202 	0.00191032 	0.00176097 	0.00159106 	0.00146311 	0.00138718 	0.00136131 	0.00138571 	0.00147228 	0.00164558 	0.00195924 	0.00254899 	0.00381597 	0.00754550 	0.04897145 	0.00618698 	0.00255938 	0.00139012 	0.00086336 	
0.00144097 	0.00263342 	0.00634508 	0.05025016 	0.00767043 	0.00384904 	0.00255451 	0.00195579 	0.00163867 	0.00146342 	0.00137254 	0.00133865 	0.00134753 	0.00139564 	0.00148206 	0.00160478 	0.00175401 	0.00187085 	0.00180008 	0.00184886 	0.00159158 	0.00161209 	0.00164192 	0.00148736 	0.00132052 	0.00119223 	0.00110769 	0.00106289 	0.00105544 	0.00108630 	0.00116531 	0.00131371 	0.00157647 	0.00206628 	0.00311392 	0.00618699 	0.04028547 	0.00510897 	0.00211879 	0.00115287 	
0.00219941 	0.00528288 	0.04164035 	0.00634508 	0.00317322 	0.00209679 	0.00159751 	0.00133100 	0.00118214 	0.00110208 	0.00106836 	0.00106873 	0.00110048 	0.00116157 	0.00125248 	0.00137692 	0.00152442 	0.00165043 	0.00162418 	0.00174641 	0.00150306 	0.00144182 	0.00143234 	0.00127636 	0.00111608 	0.00099036 	0.00090460 	0.00085092 	0.00082558 	0.00082836 	0.00086069 	0.00093150 	0.00105833 	0.00127968 	0.00168835 	0.00255938 	0.00510897 	0.03337036 	0.00424747 	0.00176608 	
0.00442636 	0.03473490 	0.00528289 	0.00263342 	0.00173264 	0.00131342 	0.00108840 	0.00096102 	0.00089079 	0.00085802 	0.00085298 	0.00087292 	0.00091547 	0.00098119 	0.00107353 	0.00119387 	0.00133969 	0.00147269 	0.00147571 	0.00166710 	0.00143866 	0.00130215 	0.00126719 	0.00110971 	0.00095470 	0.00083638 	0.00075164 	0.00069501 	0.00066141 	0.00064832 	0.00065691 	0.00068870 	0.00075112 	0.00086003 	0.00104708 	0.00139012 	0.00211879 	0.00424747 	0.02782755 	0.00355464 	
0.02915860 	0.00442636 	0.00219941 	0.00144097 	0.00108705 	0.00089613 	0.00078685 	0.00072500 	0.00069400 	0.00068552 	0.00069696 	0.00072593 	0.00077283 	0.00084019 	0.00093013 	0.00104682 	0.00118874 	0.00132508 	0.00135108 	0.00159848 	0.00138495 	0.00118826 	0.00113352 	0.00097708 	0.00082870 	0.00071596 	0.00063455 	0.00057736 	0.00054028 	0.00051979 	0.00051462 	0.00052613 	0.00055615 	0.00061123 	0.00070466 	0.00086335 	0.00115287 	0.00176608 	0.00355464 	0.02335387 	
