# 0lam 1Uhub 2beta 3tpri 4tsec 5fill 6mag 7den_max 8den_min 9swave 10dwave
      1.00000000	       2.00000000	      90.00000000	      -0.05000000	       0.00000000	       0.81999486	       0.00000000	       0.00000000	       0.00000000	       0.00000000	       0.00000000	 # /home/vilardi/Prog/Proj/DMF2RG_run/run/hope_for_dwave/n0.820/tpri_-0.050/U2.00/beta90.00/log/messages
      0.96606500	       2.00000000	      90.00000000	      -0.05000000	       0.00000000	       0.81999486	       0.09052000	       0.01116540	      -0.01161330	       0.00684560	       0.00000000	 # /home/vilardi/Prog/Proj/DMF2RG_run/run/hope_for_dwave/n0.820/tpri_-0.050/U2.00/beta90.00/log/messages
      0.93454700	       2.00000000	      90.00000000	      -0.05000000	       0.00000000	       0.81999486	       0.34425970	       0.04065380	      -0.04328220	       0.02513480	       0.00000010	 # /home/vilardi/Prog/Proj/DMF2RG_run/run/hope_for_dwave/n0.820/tpri_-0.050/U2.00/beta90.00/log/messages
      0.90405700	       2.00000000	      90.00000000	      -0.05000000	       0.00000000	       0.81999486	       0.75192880	       0.08636860	      -0.09308750	       0.05331090	       0.00000070	 # /home/vilardi/Prog/Proj/DMF2RG_run/run/hope_for_dwave/n0.820/tpri_-0.050/U2.00/beta90.00/log/messages
      0.88531500	       2.00000000	      90.00000000	      -0.05000000	       0.00000000	       0.81999486	       1.08447220	       0.12259900	      -0.13308940	       0.07554610	       0.00000210	 # /home/vilardi/Prog/Proj/DMF2RG_run/run/hope_for_dwave/n0.820/tpri_-0.050/U2.00/beta90.00/log/messages
      0.85697800	       2.00000000	      90.00000000	      -0.05000000	       0.00000000	       0.81999486	       1.71350620	       0.18876170	      -0.20732540	       0.11599120	       0.00000780	 # /home/vilardi/Prog/Proj/DMF2RG_run/run/hope_for_dwave/n0.820/tpri_-0.050/U2.00/beta90.00/log/messages
      0.84205300	       2.00000000	      90.00000000	      -0.05000000	       0.00000000	       0.81999486	       2.10997400	       0.22892920	      -0.25319140	       0.14049010	       0.00001410	 # /home/vilardi/Prog/Proj/DMF2RG_run/run/hope_for_dwave/n0.820/tpri_-0.050/U2.00/beta90.00/log/messages
      0.82546300	       2.00000000	      90.00000000	      -0.05000000	       0.00000000	       0.81999486	       2.60724280	       0.27771680	      -0.30976480	       0.17021980	       0.00002550	 # /home/vilardi/Prog/Proj/DMF2RG_run/run/hope_for_dwave/n0.820/tpri_-0.050/U2.00/beta90.00/log/messages
      0.81717300	       2.00000000	      90.00000000	      -0.05000000	       0.00000000	       0.81999486	       2.87920900	       0.30366520	      -0.34025090	       0.18603910	       0.00003360	 # /home/vilardi/Prog/Proj/DMF2RG_run/run/hope_for_dwave/n0.820/tpri_-0.050/U2.00/beta90.00/log/messages
      0.80949400	       2.00000000	      90.00000000	      -0.05000000	       0.00000000	       0.81999486	       3.14586560	       0.32860660	      -0.36982930	       0.20124050	       0.00004280	 # /home/vilardi/Prog/Proj/DMF2RG_run/run/hope_for_dwave/n0.820/tpri_-0.050/U2.00/beta90.00/log/messages
      0.80008900	       2.00000000	      90.00000000	      -0.05000000	       0.00000000	       0.81999486	       3.49230360	       0.36030660	      -0.40784030	       0.22058490	       0.00005690	 # /home/vilardi/Prog/Proj/DMF2RG_run/run/hope_for_dwave/n0.820/tpri_-0.050/U2.00/beta90.00/log/messages
      0.78924700	       2.00000000	      90.00000000	      -0.05000000	       0.00000000	       0.81999486	       3.91628470	       0.39841280	      -0.45413750	       0.24386510	       0.00007790	 # /home/vilardi/Prog/Proj/DMF2RG_run/run/hope_for_dwave/n0.820/tpri_-0.050/U2.00/beta90.00/log/messages
      0.77113500	       2.00000000	      90.00000000	      -0.05000000	       0.00000000	       0.81999486	       4.68856490	       0.46565570	      -0.53751090	       0.28503460	       0.00012720	 # /home/vilardi/Prog/Proj/DMF2RG_run/run/hope_for_dwave/n0.820/tpri_-0.050/U2.00/beta90.00/log/messages
      0.74458700	       2.00000000	      90.00000000	      -0.05000000	       0.00000000	       0.81999486	       5.99374150	       0.57185310	      -0.67381120	       0.35032040	       0.00024600	 # /home/vilardi/Prog/Proj/DMF2RG_run/run/hope_for_dwave/n0.820/tpri_-0.050/U2.00/beta90.00/log/messages
      0.70984200	       2.00000000	      90.00000000	      -0.05000000	       0.00000000	       0.81999486	       8.05347180	       0.72482560	      -0.87867500	       0.44403320	       0.00052670	 # /home/vilardi/Prog/Proj/DMF2RG_run/run/hope_for_dwave/n0.820/tpri_-0.050/U2.00/beta90.00/log/messages
      0.67049400	       2.00000000	      90.00000000	      -0.05000000	       0.00000000	       0.81999486	      10.97935280	       0.91409510	      -1.15030020	       0.56152490	       0.00113180	 # /home/vilardi/Prog/Proj/DMF2RG_run/run/hope_for_dwave/n0.820/tpri_-0.050/U2.00/beta90.00/log/messages
      0.62402600	       2.00000000	      90.00000000	      -0.05000000	       0.00000000	       0.81999486	      15.46826370	       1.15571490	      -1.53231380	       0.71545240	       0.00252970	 # /home/vilardi/Prog/Proj/DMF2RG_run/run/hope_for_dwave/n0.820/tpri_-0.050/U2.00/beta90.00/log/messages
      0.57010000	       2.00000000	      90.00000000	      -0.05000000	       0.00000000	       0.81999486	      22.57342720	       1.45426480	      -2.07455600	       0.91484080	       0.00582050	 # /home/vilardi/Prog/Proj/DMF2RG_run/run/hope_for_dwave/n0.820/tpri_-0.050/U2.00/beta90.00/log/messages
      0.51726900	       2.00000000	      90.00000000	      -0.05000000	       0.00000000	       0.81999486	      32.26326140	       1.75922020	      -2.73508430	       1.13302960	       0.01222080	 # /home/vilardi/Prog/Proj/DMF2RG_run/run/hope_for_dwave/n0.820/tpri_-0.050/U2.00/beta90.00/log/messages
      0.46354700	       2.00000000	      90.00000000	      -0.05000000	       0.00000000	       0.81999486	      46.04636110	       2.07619300	      -3.57583200	       1.38013710	       0.02469960	 # /home/vilardi/Prog/Proj/DMF2RG_run/run/hope_for_dwave/n0.820/tpri_-0.050/U2.00/beta90.00/log/messages
      0.41641300	       2.00000000	      90.00000000	      -0.05000000	       0.00000000	       0.81999486	      62.46367180	       2.35961270	      -4.49991340	       1.62148880	       0.04455510	 # /home/vilardi/Prog/Proj/DMF2RG_run/run/hope_for_dwave/n0.820/tpri_-0.050/U2.00/beta90.00/log/messages
      0.38536600	       2.00000000	      90.00000000	      -0.05000000	       0.00000000	       0.81999486	      75.89899050	       2.55147930	      -5.23362120	       1.79568320	       0.06516530	 # /home/vilardi/Prog/Proj/DMF2RG_run/run/hope_for_dwave/n0.820/tpri_-0.050/U2.00/beta90.00/log/messages
      0.35893600	       2.00000000	      90.00000000	      -0.05000000	       0.00000000	       0.81999486	      88.57788410	       2.71762320	      -5.95709000	       1.95557480	       0.08978760	 # /home/vilardi/Prog/Proj/DMF2RG_run/run/hope_for_dwave/n0.820/tpri_-0.050/U2.00/beta90.00/log/messages
      0.33431800	       2.00000000	      90.00000000	      -0.05000000	       0.00000000	       0.81999486	     101.19658770	       2.87428370	      -6.73374370	       2.11516830	       0.12092180	 # /home/vilardi/Prog/Proj/DMF2RG_run/run/hope_for_dwave/n0.820/tpri_-0.050/U2.00/beta90.00/log/messages
      0.31138900	       2.00000000	      90.00000000	      -0.05000000	       0.00000000	       0.81999486	     112.79021020	       3.02194850	      -7.56035460	       2.27436260	       0.15959990	 # /home/vilardi/Prog/Proj/DMF2RG_run/run/hope_for_dwave/n0.820/tpri_-0.050/U2.00/beta90.00/log/messages
      0.29639400	       2.00000000	      90.00000000	      -0.05000000	       0.00000000	       0.81999486	     119.86941740	       3.11987540	      -8.17211270	       2.39535500	       0.19144920	 # /home/vilardi/Prog/Proj/DMF2RG_run/run/hope_for_dwave/n0.820/tpri_-0.050/U2.00/beta90.00/log/messages
      0.28212100	       2.00000000	      90.00000000	      -0.05000000	       0.00000000	       0.81999486	     128.70592960	       3.21369770	      -8.80357210	       2.50538800	       0.22781990	 # /home/vilardi/Prog/Proj/DMF2RG_run/run/hope_for_dwave/n0.820/tpri_-0.050/U2.00/beta90.00/log/messages
      0.26853600	       2.00000000	      90.00000000	      -0.05000000	       0.00000000	       0.81999486	     137.67358150	       3.30408950	      -9.46067270	       2.61534060	       0.26904770	 # /home/vilardi/Prog/Proj/DMF2RG_run/run/hope_for_dwave/n0.820/tpri_-0.050/U2.00/beta90.00/log/messages
      0.25384100	       2.00000000	      90.00000000	      -0.05000000	       0.00000000	       0.81999486	     146.69855800	       3.40317370	     -10.24031020	       2.74044820	       0.32236370	 # /home/vilardi/Prog/Proj/DMF2RG_run/run/hope_for_dwave/n0.820/tpri_-0.050/U2.00/beta90.00/log/messages
      0.23741700	       2.00000000	      90.00000000	      -0.05000000	       0.00000000	       0.81999486	     156.45510870	       3.51390270	     -11.21046550	       2.88880310	       0.39522890	 # /home/vilardi/Prog/Proj/DMF2RG_run/run/hope_for_dwave/n0.820/tpri_-0.050/U2.00/beta90.00/log/messages
      0.22373900	       2.00000000	      90.00000000	      -0.05000000	       0.00000000	       0.81999486	     168.49882360	       3.60772280	     -12.11113340	       3.01977000	       0.47514970	 # /home/vilardi/Prog/Proj/DMF2RG_run/run/hope_for_dwave/n0.820/tpri_-0.050/U2.00/beta90.00/log/messages
      0.20997300	       2.00000000	      90.00000000	      -0.05000000	       0.00000000	       0.81999486	     185.41621650	       3.70486020	     -13.11673720	       3.15907020	       0.56481640	 # /home/vilardi/Prog/Proj/DMF2RG_run/run/hope_for_dwave/n0.820/tpri_-0.050/U2.00/beta90.00/log/messages
      0.19565500	       2.00000000	      90.00000000	      -0.05000000	       0.00000000	       0.81999486	     204.06855900	       3.81476140	     -14.28354500	       3.31309210	       0.67797390	 # /home/vilardi/Prog/Proj/DMF2RG_run/run/hope_for_dwave/n0.820/tpri_-0.050/U2.00/beta90.00/log/messages
      0.18365700	       2.00000000	      90.00000000	      -0.05000000	       0.00000000	       0.81999486	     220.36836920	       3.90969870	     -15.37177760	       3.45016080	       0.79228210	 # /home/vilardi/Prog/Proj/DMF2RG_run/run/hope_for_dwave/n0.820/tpri_-0.050/U2.00/beta90.00/log/messages
      0.17239500	       2.00000000	      90.00000000	      -0.05000000	       0.00000000	       0.81999486	     235.99321060	       4.00084970	     -16.50171090	       3.58637840	       0.92001570	 # /home/vilardi/Prog/Proj/DMF2RG_run/run/hope_for_dwave/n0.820/tpri_-0.050/U2.00/beta90.00/log/messages
      0.16229800	       2.00000000	      90.00000000	      -0.05000000	       0.00000000	       0.81999486	     250.06920970	       4.08504190	     -17.67778990	       3.71558890	       1.05494040	 # /home/vilardi/Prog/Proj/DMF2RG_run/run/hope_for_dwave/n0.820/tpri_-0.050/U2.00/beta90.00/log/messages
      0.15652400	       2.00000000	      90.00000000	      -0.05000000	       0.00000000	       0.81999486	     258.00221820	       4.13567390	     -18.68585150	       3.88580620	       1.14257550	 # /home/vilardi/Prog/Proj/DMF2RG_run/run/hope_for_dwave/n0.820/tpri_-0.050/U2.00/beta90.00/log/messages
      0.15300400	       2.00000000	      90.00000000	      -0.05000000	       0.00000000	       0.81999486	     262.78052700	       4.16600600	     -19.51681560	       4.01778850	       1.20029470	 # /home/vilardi/Prog/Proj/DMF2RG_run/run/hope_for_dwave/n0.820/tpri_-0.050/U2.00/beta90.00/log/messages
      0.14956400	       2.00000000	      90.00000000	      -0.05000000	       0.00000000	       0.81999486	     267.40223500	       4.19596720	     -20.38579930	       4.14812560	       1.26018490	 # /home/vilardi/Prog/Proj/DMF2RG_run/run/hope_for_dwave/n0.820/tpri_-0.050/U2.00/beta90.00/log/messages
      0.14620100	       2.00000000	      90.00000000	      -0.05000000	       0.00000000	       0.81999486	     271.83371940	       4.22583650	     -21.29487850	       4.27782180	       1.32230560	 # /home/vilardi/Prog/Proj/DMF2RG_run/run/hope_for_dwave/n0.820/tpri_-0.050/U2.00/beta90.00/log/messages
      0.14206100	       2.00000000	      90.00000000	      -0.05000000	       0.00000000	       0.81999486	     277.22893520	       4.26313730	     -22.50334330	       4.43996930	       1.40410250	 # /home/vilardi/Prog/Proj/DMF2RG_run/run/hope_for_dwave/n0.820/tpri_-0.050/U2.00/beta90.00/log/messages
      0.13750500	       2.00000000	      90.00000000	      -0.05000000	       0.00000000	       0.81999486	     283.06400860	       4.30487420	     -23.96292480	       4.62343780	       1.50167320	 # /home/vilardi/Prog/Proj/DMF2RG_run/run/hope_for_dwave/n0.820/tpri_-0.050/U2.00/beta90.00/log/messages
      0.13309500	       2.00000000	      90.00000000	      -0.05000000	       0.00000000	       0.81999486	     288.54909510	       4.34600400	     -25.52605150	       4.80559640	       1.60452940	 # /home/vilardi/Prog/Proj/DMF2RG_run/run/hope_for_dwave/n0.820/tpri_-0.050/U2.00/beta90.00/log/messages
      0.12853200	       2.00000000	      90.00000000	      -0.05000000	       0.00000000	       0.81999486	     294.04956120	       4.38937240	     -27.31701200	       4.99926020	       1.72078310	 # /home/vilardi/Prog/Proj/DMF2RG_run/run/hope_for_dwave/n0.820/tpri_-0.050/U2.00/beta90.00/log/messages
      0.12563800	       2.00000000	      90.00000000	      -0.05000000	       0.00000000	       0.81999486	     305.01172010	       4.41767470	     -28.55999140	       5.12484810	       1.80035660	 # /home/vilardi/Prog/Proj/DMF2RG_run/run/hope_for_dwave/n0.820/tpri_-0.050/U2.00/beta90.00/log/messages
      0.12289500	       2.00000000	      90.00000000	      -0.05000000	       0.00000000	       0.81999486	     318.05319060	       4.44531530	     -29.82391930	       5.24601480	       1.88032830	 # /home/vilardi/Prog/Proj/DMF2RG_run/run/hope_for_dwave/n0.820/tpri_-0.050/U2.00/beta90.00/log/messages
      0.12021200	       2.00000000	      90.00000000	      -0.05000000	       0.00000000	       0.81999486	     331.72160560	       4.47285490	     -31.14985020	       5.36663810	       1.96328940	 # /home/vilardi/Prog/Proj/DMF2RG_run/run/hope_for_dwave/n0.820/tpri_-0.050/U2.00/beta90.00/log/messages
      0.11758800	       2.00000000	      90.00000000	      -0.05000000	       0.00000000	       0.81999486	     346.02637920	       4.50025410	     -32.54202240	       5.48680440	       2.04934840	 # /home/vilardi/Prog/Proj/DMF2RG_run/run/hope_for_dwave/n0.820/tpri_-0.050/U2.00/beta90.00/log/messages
      0.11491900	       2.00000000	      90.00000000	      -0.05000000	       0.00000000	       0.81999486	     361.63717880	       4.52860570	     -34.06490310	       5.61137350	       2.14235430	 # /home/vilardi/Prog/Proj/DMF2RG_run/run/hope_for_dwave/n0.820/tpri_-0.050/U2.00/beta90.00/log/messages
      0.11231000	       2.00000000	      90.00000000	      -0.05000000	       0.00000000	       0.81999486	     378.04103420	       4.55683160	     -35.66894570	       5.73553890	       2.23907230	 # /home/vilardi/Prog/Proj/DMF2RG_run/run/hope_for_dwave/n0.820/tpri_-0.050/U2.00/beta90.00/log/messages
      0.10951500	       2.00000000	      90.00000000	      -0.05000000	       0.00000000	       0.81999486	     396.96539570	       4.58732610	     -37.53020190	       5.87182630	       2.34967560	 # /home/vilardi/Prog/Proj/DMF2RG_run/run/hope_for_dwave/n0.820/tpri_-0.050/U2.00/beta90.00/log/messages
      0.10678900	       2.00000000	      90.00000000	      -0.05000000	       0.00000000	       0.81999486	     416.98755590	       4.61232410	     -39.50372810	       6.00783310	       2.46524250	 # /home/vilardi/Prog/Proj/DMF2RG_run/run/hope_for_dwave/n0.820/tpri_-0.050/U2.00/beta90.00/log/messages
      0.10413200	       2.00000000	      90.00000000	      -0.05000000	       0.00000000	       0.81999486	     438.18005590	       4.64284580	     -41.59899600	       6.14365580	       2.58606040	 # /home/vilardi/Prog/Proj/DMF2RG_run/run/hope_for_dwave/n0.820/tpri_-0.050/U2.00/beta90.00/log/messages
      0.10154000	       2.00000000	      90.00000000	      -0.05000000	       0.00000000	       0.81999486	     460.57861600	       4.67346280	     -43.82686840	       6.27937270	       2.71241590	 # /home/vilardi/Prog/Proj/DMF2RG_run/run/hope_for_dwave/n0.820/tpri_-0.050/U2.00/beta90.00/log/messages
      0.09901300	       2.00000000	      90.00000000	      -0.05000000	       0.00000000	       0.81999486	     484.32188640	       4.70420670	     -46.19805520	       6.41511780	       2.84469440	 # /home/vilardi/Prog/Proj/DMF2RG_run/run/hope_for_dwave/n0.820/tpri_-0.050/U2.00/beta90.00/log/messages
      0.09654900	       2.00000000	      90.00000000	      -0.05000000	       0.00000000	       0.81999486	     509.51592640	       4.73507120	     -48.72475060	       6.55106780	       2.98330060	 # /home/vilardi/Prog/Proj/DMF2RG_run/run/hope_for_dwave/n0.820/tpri_-0.050/U2.00/beta90.00/log/messages
      0.09414600	       2.00000000	      90.00000000	      -0.05000000	       0.00000000	       0.81999486	     536.20607430	       4.76617550	     -51.42148650	       6.68745800	       3.12861040	 # /home/vilardi/Prog/Proj/DMF2RG_run/run/hope_for_dwave/n0.820/tpri_-0.050/U2.00/beta90.00/log/messages
      0.09166200	       2.00000000	      90.00000000	      -0.05000000	       0.00000000	       0.81999486	     566.39352870	       4.79948420	     -54.28773750	       6.83274410	       3.29067860	 # /home/vilardi/Prog/Proj/DMF2RG_run/run/hope_for_dwave/n0.820/tpri_-0.050/U2.00/beta90.00/log/messages
      0.08948900	       2.00000000	      90.00000000	      -0.05000000	       0.00000000	       0.81999486	     595.20178090	       4.82970320	     -57.21602610	       6.96397990	       3.44355110	 # /home/vilardi/Prog/Proj/DMF2RG_run/run/hope_for_dwave/n0.820/tpri_-0.050/U2.00/beta90.00/log/messages
      0.08736800	       2.00000000	      90.00000000	      -0.05000000	       0.00000000	       0.81999486	     625.80631170	       4.86029750	     -60.34493860	       7.09630580	       3.60400960	 # /home/vilardi/Prog/Proj/DMF2RG_run/run/hope_for_dwave/n0.820/tpri_-0.050/U2.00/beta90.00/log/messages
      0.08507600	       2.00000000	      90.00000000	      -0.05000000	       0.00000000	       0.81999486	     661.99812080	       4.89467820	     -64.06790380	       7.24423330	       3.79129730	 # /home/vilardi/Prog/Proj/DMF2RG_run/run/hope_for_dwave/n0.820/tpri_-0.050/U2.00/beta90.00/log/messages
      0.08322900	       2.00000000	      90.00000000	      -0.05000000	       0.00000000	       0.81999486	     693.77276000	       4.92361510	     -67.36713900	       7.36773780	       3.95407060	 # /home/vilardi/Prog/Proj/DMF2RG_run/run/hope_for_dwave/n0.820/tpri_-0.050/U2.00/beta90.00/log/messages
      0.08142200	       2.00000000	      90.00000000	      -0.05000000	       0.00000000	       0.81999486	     727.55851920	       4.95305880	     -70.88799520	       7.49256080	       4.12487060	 # /home/vilardi/Prog/Proj/DMF2RG_run/run/hope_for_dwave/n0.820/tpri_-0.050/U2.00/beta90.00/log/messages
      0.07965400	       2.00000000	      90.00000000	      -0.05000000	       0.00000000	       0.81999486	     763.30877190	       4.98307320	     -74.65339920	       7.61904260	       4.30415120	 # /home/vilardi/Prog/Proj/DMF2RG_run/run/hope_for_dwave/n0.820/tpri_-0.050/U2.00/beta90.00/log/messages
      0.07833300	       2.00000000	      90.00000000	      -0.05000000	       0.00000000	       0.81999486	     792.12054230	       5.00638820	     -77.70120420	       7.71219730	       4.44702140	 # /home/vilardi/Prog/Proj/DMF2RG_run/run/hope_for_dwave/n0.820/tpri_-0.050/U2.00/beta90.00/log/messages
      0.07689100	       2.00000000	      90.00000000	      -0.05000000	       0.00000000	       0.81999486	     825.63624780	       5.03277040	     -81.28260220	       7.82217690	       4.61228170	 # /home/vilardi/Prog/Proj/DMF2RG_run/run/hope_for_dwave/n0.820/tpri_-0.050/U2.00/beta90.00/log/messages
      0.07547500	       2.00000000	      90.00000000	      -0.05000000	       0.00000000	       0.81999486	     861.05076910	       5.05979550	     -85.08716210	       7.93392980	       4.78512270	 # /home/vilardi/Prog/Proj/DMF2RG_run/run/hope_for_dwave/n0.820/tpri_-0.050/U2.00/beta90.00/log/messages
      0.07408600	       2.00000000	      90.00000000	      -0.05000000	       0.00000000	       0.81999486	     898.41765380	       5.08750520	     -89.13819720	       8.04766940	       4.96604600	 # /home/vilardi/Prog/Proj/DMF2RG_run/run/hope_for_dwave/n0.820/tpri_-0.050/U2.00/beta90.00/log/messages
      0.07272200	       2.00000000	      90.00000000	      -0.05000000	       0.00000000	       0.81999486	     937.89216830	       5.11589310	     -93.45286470	       8.16355370	       5.15564970	 # /home/vilardi/Prog/Proj/DMF2RG_run/run/hope_for_dwave/n0.820/tpri_-0.050/U2.00/beta90.00/log/messages
      0.07138300	       2.00000000	      90.00000000	      -0.05000000	       0.00000000	       0.81999486	     979.78366720	       5.14506310	     -98.05760620	       8.28174040	       5.35475200	 # /home/vilardi/Prog/Proj/DMF2RG_run/run/hope_for_dwave/n0.820/tpri_-0.050/U2.00/beta90.00/log/messages
      0.07069700	       2.00000000	      90.00000000	      -0.05000000	       0.00000000	       0.81999486	    1002.41854180	       5.16056390	    -100.57556440	       8.34423640	       5.46210910	 # /home/vilardi/Prog/Proj/DMF2RG_run/run/hope_for_dwave/n0.820/tpri_-0.050/U2.00/beta90.00/log/messages
      0.06976500	       2.00000000	      90.00000000	      -0.05000000	       0.00000000	       0.81999486	    1034.71929790	       5.18226970	    -104.18406640	       8.43133030	       5.61437330	 # /home/vilardi/Prog/Proj/DMF2RG_run/run/hope_for_dwave/n0.820/tpri_-0.050/U2.00/beta90.00/log/messages
      0.06864100	       2.00000000	      90.00000000	      -0.05000000	       0.00000000	       0.81999486	    1076.27314810	       5.20947870	    -108.85183920	       8.54004080	       5.80870810	 # /home/vilardi/Prog/Proj/DMF2RG_run/run/hope_for_dwave/n0.820/tpri_-0.050/U2.00/beta90.00/log/messages
      0.06753500	       2.00000000	      90.00000000	      -0.05000000	       0.00000000	       0.81999486	    1119.92171810	       5.23751080	    -113.82002400	       8.65143460	       6.01220070	 # /home/vilardi/Prog/Proj/DMF2RG_run/run/hope_for_dwave/n0.820/tpri_-0.050/U2.00/beta90.00/log/messages
      0.06614800	       2.00000000	      90.00000000	      -0.05000000	       0.00000000	       0.81999486	    1179.33908260	       5.27470910	    -120.64541820	       8.79787110	       6.28692210	 # /home/vilardi/Prog/Proj/DMF2RG_run/run/hope_for_dwave/n0.820/tpri_-0.050/U2.00/beta90.00/log/messages
      0.06557600	       2.00000000	      90.00000000	      -0.05000000	       0.00000000	       0.81999486	    1205.49067210	       5.29077470	    -123.67723650	       8.86072660	       6.40723170	 # /home/vilardi/Prog/Proj/DMF2RG_run/run/hope_for_dwave/n0.820/tpri_-0.050/U2.00/beta90.00/log/messages
      0.06500900	       2.00000000	      90.00000000	      -0.05000000	       0.00000000	       0.81999486	    1232.33465440	       5.30714970	    -126.82034760	       8.92474470	       6.53078340	 # /home/vilardi/Prog/Proj/DMF2RG_run/run/hope_for_dwave/n0.820/tpri_-0.050/U2.00/beta90.00/log/messages
      0.06426600	       2.00000000	      90.00000000	      -0.05000000	       0.00000000	       0.81999486	    1269.17339050	       5.32932140	    -131.15788250	       9.01104480	       6.69964670	 # /home/vilardi/Prog/Proj/DMF2RG_run/run/hope_for_dwave/n0.820/tpri_-0.050/U2.00/beta90.00/log/messages
      0.06353100	       2.00000000	      90.00000000	      -0.05000000	       0.00000000	       0.81999486	    1307.61089280	       5.35211340	    -135.71341140	       9.09932380	       6.87505550	 # /home/vilardi/Prog/Proj/DMF2RG_run/run/hope_for_dwave/n0.820/tpri_-0.050/U2.00/beta90.00/log/messages
      0.06310200	       2.00000000	      90.00000000	      -0.05000000	       0.00000000	       0.81999486	    1331.06808120	       5.36586560	    -138.50862120	       9.15237300	       6.98174420	 # /home/vilardi/Prog/Proj/DMF2RG_run/run/hope_for_dwave/n0.820/tpri_-0.050/U2.00/beta90.00/log/messages
      0.06250500	       2.00000000	      90.00000000	      -0.05000000	       0.00000000	       0.81999486	    1364.79567740	       5.38556550	    -142.57552780	       9.22817810	       7.13552380	 # /home/vilardi/Prog/Proj/DMF2RG_run/run/hope_for_dwave/n0.820/tpri_-0.050/U2.00/beta90.00/log/messages
      0.06176700	       2.00000000	      90.00000000	      -0.05000000	       0.00000000	       0.81999486	    1408.66237970	       5.41089960	    -147.90622700	       9.32518620	       7.33497520	 # /home/vilardi/Prog/Proj/DMF2RG_run/run/hope_for_dwave/n0.820/tpri_-0.050/U2.00/beta90.00/log/messages
      0.06099000	       2.00000000	      90.00000000	      -0.05000000	       0.00000000	       0.81999486	    1457.69829180	       5.43884010	    -153.91574930	       9.43163040	       7.55715880	 # /home/vilardi/Prog/Proj/DMF2RG_run/run/hope_for_dwave/n0.820/tpri_-0.050/U2.00/beta90.00/log/messages
      0.06047000	       2.00000000	      90.00000000	      -0.05000000	       0.00000000	       0.81999486	    1492.30302710	       5.45834480	    -158.19033650	       9.50562090	       7.71356850	 # /home/vilardi/Prog/Proj/DMF2RG_run/run/hope_for_dwave/n0.820/tpri_-0.050/U2.00/beta90.00/log/messages
      0.06036400	       2.00000000	      90.00000000	      -0.05000000	       0.00000000	       0.81999486	    1499.58635570	       5.46242850	    -159.09354420	       9.52108350	       7.74645490	 # /home/vilardi/Prog/Proj/DMF2RG_run/run/hope_for_dwave/n0.820/tpri_-0.050/U2.00/beta90.00/log/messages
      0.06019500	       2.00000000	      90.00000000	      -0.05000000	       0.00000000	       0.81999486	    1511.15978780	       5.46894830	    -160.54109620	       9.54576790	       7.79896490	 # /home/vilardi/Prog/Proj/DMF2RG_run/run/hope_for_dwave/n0.820/tpri_-0.050/U2.00/beta90.00/log/messages
      0.05990200	       2.00000000	      90.00000000	      -0.05000000	       0.00000000	       0.81999486	    1531.63398310	       5.48045360	    -163.11194680	       9.58925740	       7.89185670	 # /home/vilardi/Prog/Proj/DMF2RG_run/run/hope_for_dwave/n0.820/tpri_-0.050/U2.00/beta90.00/log/messages
      0.05949000	       2.00000000	      90.00000000	      -0.05000000	       0.00000000	       0.81999486	    1561.34953870	       5.49707010	    -166.86107470	       9.65189770	       8.02653950	 # /home/vilardi/Prog/Proj/DMF2RG_run/run/hope_for_dwave/n0.820/tpri_-0.050/U2.00/beta90.00/log/messages
      0.05892500	       2.00000000	      90.00000000	      -0.05000000	       0.00000000	       0.81999486	    1603.79902410	       5.52066930	    -172.25556740	       9.74050820	       8.21879090	 # /home/vilardi/Prog/Proj/DMF2RG_run/run/hope_for_dwave/n0.820/tpri_-0.050/U2.00/beta90.00/log/messages
      0.05832900	       2.00000000	      90.00000000	      -0.05000000	       0.00000000	       0.81999486	    1650.94970620	       5.54671190	    -178.30130840	       9.83785900	       8.43220110	 # /home/vilardi/Prog/Proj/DMF2RG_run/run/hope_for_dwave/n0.820/tpri_-0.050/U2.00/beta90.00/log/messages
      0.05801000	       2.00000000	      90.00000000	      -0.05000000	       0.00000000	       0.81999486	    1677.27755800	       5.56120150	    -181.70172660	       9.89178240	       8.55135450	 # /home/vilardi/Prog/Proj/DMF2RG_run/run/hope_for_dwave/n0.820/tpri_-0.050/U2.00/beta90.00/log/messages
      0.05755200	       2.00000000	      90.00000000	      -0.05000000	       0.00000000	       0.81999486	    1716.14769420	       5.58267050	    -186.79002020	       9.97152640	       8.72824720	 # /home/vilardi/Prog/Proj/DMF2RG_run/run/hope_for_dwave/n0.820/tpri_-0.050/U2.00/beta90.00/log/messages
      0.05706800	       2.00000000	      90.00000000	      -0.05000000	       0.00000000	       0.81999486	    1759.02121810	       5.60625740	    -192.45446700	      10.05896160	       8.92364640	 # /home/vilardi/Prog/Proj/DMF2RG_run/run/hope_for_dwave/n0.820/tpri_-0.050/U2.00/beta90.00/log/messages
      0.05651200	       2.00000000	      90.00000000	      -0.05000000	       0.00000000	       0.81999486	    1810.74924200	       5.63466700	    -199.35855750	      10.16377040	       9.15978720	 # /home/vilardi/Prog/Proj/DMF2RG_run/run/hope_for_dwave/n0.820/tpri_-0.050/U2.00/beta90.00/log/messages
      0.05584600	       2.00000000	      90.00000000	      -0.05000000	       0.00000000	       0.81999486	    1876.49182170	       5.67072180	    -208.24363310	      10.29619280	       9.46072370	 # /home/vilardi/Prog/Proj/DMF2RG_run/run/hope_for_dwave/n0.820/tpri_-0.050/U2.00/beta90.00/log/messages
      0.05572500	       2.00000000	      90.00000000	      -0.05000000	       0.00000000	       0.81999486	    1888.90938710	       5.67752620	    -209.93587630	      10.32109060	       9.51768790	 # /home/vilardi/Prog/Proj/DMF2RG_run/run/hope_for_dwave/n0.820/tpri_-0.050/U2.00/beta90.00/log/messages
      0.05555500	       2.00000000	      90.00000000	      -0.05000000	       0.00000000	       0.81999486	    1906.48836400	       5.68725310	    -212.35808660	      10.35662120	       9.59890850	 # /home/vilardi/Prog/Proj/DMF2RG_run/run/hope_for_dwave/n0.820/tpri_-0.050/U2.00/beta90.00/log/messages
      0.05532600	       2.00000000	      90.00000000	      -0.05000000	       0.00000000	       0.81999486	    1930.64620070	       5.70060620	    -215.70218050	      10.40540500	       9.71069250	 # /home/vilardi/Prog/Proj/DMF2RG_run/run/hope_for_dwave/n0.820/tpri_-0.050/U2.00/beta90.00/log/messages
      0.05507800	       2.00000000	      90.00000000	      -0.05000000	       0.00000000	       0.81999486	    1957.45760050	       5.71543730	    -219.43499450	      10.45951010	       9.83500780	 # /home/vilardi/Prog/Proj/DMF2RG_run/run/hope_for_dwave/n0.820/tpri_-0.050/U2.00/beta90.00/log/messages
      0.05492400	       2.00000000	      90.00000000	      -0.05000000	       0.00000000	       0.81999486	    1974.50167260	       5.72487540	    -221.81978350	      10.49389540	       9.91418450	 # /home/vilardi/Prog/Proj/DMF2RG_run/run/hope_for_dwave/n0.820/tpri_-0.050/U2.00/beta90.00/log/messages
      0.05480800	       2.00000000	      90.00000000	      -0.05000000	       0.00000000	       0.81999486	    1987.49530980	       5.73207700	    -223.64414660	      10.52010840	       9.97462810	 # /home/vilardi/Prog/Proj/DMF2RG_run/run/hope_for_dwave/n0.820/tpri_-0.050/U2.00/beta90.00/log/messages
      0.05463600	       2.00000000	      90.00000000	      -0.05000000	       0.00000000	       0.81999486	    2007.00012960	       5.74290190	    -226.39294550	      10.55946260	      10.06550170	 # /home/vilardi/Prog/Proj/DMF2RG_run/run/hope_for_dwave/n0.820/tpri_-0.050/U2.00/beta90.00/log/messages
      0.05446500	       2.00000000	      90.00000000	      -0.05000000	       0.00000000	       0.81999486	    2026.79820580	       5.75407760	    -229.19553010	      10.59942190	      10.15791940	 # /home/vilardi/Prog/Proj/DMF2RG_run/run/hope_for_dwave/n0.820/tpri_-0.050/U2.00/beta90.00/log/messages
      0.05429400	       2.00000000	      90.00000000	      -0.05000000	       0.00000000	       0.81999486	    2046.89648210	       5.76509710	    -232.05346770	      10.64000910	      10.25192980	 # /home/vilardi/Prog/Proj/DMF2RG_run/run/hope_for_dwave/n0.820/tpri_-0.050/U2.00/beta90.00/log/messages
      0.05410100	       2.00000000	      90.00000000	      -0.05000000	       0.00000000	       0.81999486	    2070.11077970	       5.77822780	    -235.37088620	      10.68693150	      10.36077410	 # /home/vilardi/Prog/Proj/DMF2RG_run/run/hope_for_dwave/n0.820/tpri_-0.050/U2.00/beta90.00/log/messages
      0.05389100	       2.00000000	      90.00000000	      -0.05000000	       0.00000000	       0.81999486	    2099.16838030	       5.79345990	    -239.07430710	      10.73909220	      10.48194520	 # /home/vilardi/Prog/Proj/DMF2RG_run/run/hope_for_dwave/n0.820/tpri_-0.050/U2.00/beta90.00/log/messages
      0.05368200	       2.00000000	      90.00000000	      -0.05000000	       0.00000000	       0.81999486	    2152.95230310	       5.80903000	    -242.87152570	      10.79235220	      10.60583520	 # /home/vilardi/Prog/Proj/DMF2RG_run/run/hope_for_dwave/n0.820/tpri_-0.050/U2.00/beta90.00/log/messages
      0.05347400	       2.00000000	      90.00000000	      -0.05000000	       0.00000000	       0.81999486	    2209.11108390	       5.82494720	    -246.76625910	      10.84684160	      10.73235770	 # /home/vilardi/Prog/Proj/DMF2RG_run/run/hope_for_dwave/n0.820/tpri_-0.050/U2.00/beta90.00/log/messages
      0.05322500	       2.00000000	      90.00000000	      -0.05000000	       0.00000000	       0.81999486	    2279.81838010	       5.84453140	    -251.57217170	      10.91381610	      10.88801950	 # /home/vilardi/Prog/Proj/DMF2RG_run/run/hope_for_dwave/n0.820/tpri_-0.050/U2.00/beta90.00/log/messages
      0.05291200	       2.00000000	      90.00000000	      -0.05000000	       0.00000000	       0.81999486	    2374.94467400	       5.87012420	    -257.87299550	      11.00125270	      11.09138990	 # /home/vilardi/Prog/Proj/DMF2RG_run/run/hope_for_dwave/n0.820/tpri_-0.050/U2.00/beta90.00/log/messages
      0.05254500	       2.00000000	      90.00000000	      -0.05000000	       0.00000000	       0.81999486	    2496.10545960	       5.90156920	    -265.63825290	      11.10860710	      11.34106630	 # /home/vilardi/Prog/Proj/DMF2RG_run/run/hope_for_dwave/n0.820/tpri_-0.050/U2.00/beta90.00/log/messages
      0.05223800	       2.00000000	      90.00000000	      -0.05000000	       0.00000000	       0.81999486	    2606.23429090	       5.92911360	    -272.45925460	      11.20263170	      11.55960100	 # /home/vilardi/Prog/Proj/DMF2RG_run/run/hope_for_dwave/n0.820/tpri_-0.050/U2.00/beta90.00/log/messages
      0.05188000	       2.00000000	      90.00000000	      -0.05000000	       0.00000000	       0.81999486	    2747.05103850	       5.96305240	    -280.87306270	      11.31840660	      11.82832820	 # /home/vilardi/Prog/Proj/DMF2RG_run/run/hope_for_dwave/n0.820/tpri_-0.050/U2.00/beta90.00/log/messages
      0.05164600	       2.00000000	      90.00000000	      -0.05000000	       0.00000000	       0.81999486	    2846.27956320	       5.98616230	    -286.60862020	      11.39741210	      12.01082240	 # /home/vilardi/Prog/Proj/DMF2RG_run/run/hope_for_dwave/n0.820/tpri_-0.050/U2.00/beta90.00/log/messages
      0.05141400	       2.00000000	      90.00000000	      -0.05000000	       0.00000000	       0.81999486	    2951.75941540	       6.01007030	    -292.53865830	      11.47913230	      12.19916060	 # /home/vilardi/Prog/Proj/DMF2RG_run/run/hope_for_dwave/n0.820/tpri_-0.050/U2.00/beta90.00/log/messages
      0.05113600	       2.00000000	      90.00000000	      -0.05000000	       0.00000000	       0.81999486	    3087.45179180	       6.03989410	    -299.92870770	      11.58114120	      12.43352460	 # /home/vilardi/Prog/Proj/DMF2RG_run/run/hope_for_dwave/n0.820/tpri_-0.050/U2.00/beta90.00/log/messages
      0.05086000	       2.00000000	      90.00000000	      -0.05000000	       0.00000000	       0.81999486	    3234.09346110	       6.07101870	    -307.63269890	      11.68780660	      12.67753950	 # /home/vilardi/Prog/Proj/DMF2RG_run/run/hope_for_dwave/n0.820/tpri_-0.050/U2.00/beta90.00/log/messages
      0.05058600	       2.00000000	      90.00000000	      -0.05000000	       0.00000000	       0.81999486	    3392.94925560	       6.10359190	    -315.67092290	      11.79961130	      12.93196570	 # /home/vilardi/Prog/Proj/DMF2RG_run/run/hope_for_dwave/n0.820/tpri_-0.050/U2.00/beta90.00/log/messages
      0.05031300	       2.00000000	      90.00000000	      -0.05000000	       0.00000000	       0.81999486	    3565.46545870	       6.13773850	    -324.06523750	      11.91711090	      13.19762730	 # /home/vilardi/Prog/Proj/DMF2RG_run/run/hope_for_dwave/n0.820/tpri_-0.050/U2.00/beta90.00/log/messages
      0.05022800	       2.00000000	      90.00000000	      -0.05000000	       0.00000000	       0.81999486	    3622.65927620	       6.14879590	    -326.77551970	      11.95524120	      13.28341850	 # /home/vilardi/Prog/Proj/DMF2RG_run/run/hope_for_dwave/n0.820/tpri_-0.050/U2.00/beta90.00/log/messages
      0.05008200	       2.00000000	      90.00000000	      -0.05000000	       0.00000000	       0.81999486	    3724.02747560	       6.16809810	    -331.49566180	      12.02197680	      13.43266530	 # /home/vilardi/Prog/Proj/DMF2RG_run/run/hope_for_dwave/n0.820/tpri_-0.050/U2.00/beta90.00/log/messages
      0.04992500	       2.00000000	      90.00000000	      -0.05000000	       0.00000000	       0.81999486	    3839.18502910	       6.18958230	    -336.73256750	      12.09643870	      13.59830410	 # /home/vilardi/Prog/Proj/DMF2RG_run/run/hope_for_dwave/n0.820/tpri_-0.050/U2.00/beta90.00/log/messages
      0.04972000	       2.00000000	      90.00000000	      -0.05000000	       0.00000000	       0.81999486	    3999.91139510	       6.21884840	    -343.83091380	      12.19813310	      13.82301070	 # /home/vilardi/Prog/Proj/DMF2RG_run/run/hope_for_dwave/n0.820/tpri_-0.050/U2.00/beta90.00/log/messages
      0.04948900	       2.00000000	      90.00000000	      -0.05000000	       0.00000000	       0.81999486	    4195.25740560	       6.25337190	    -352.14863700	      12.31860140	      14.08672630	 # /home/vilardi/Prog/Proj/DMF2RG_run/run/hope_for_dwave/n0.820/tpri_-0.050/U2.00/beta90.00/log/messages
      0.04921600	       2.00000000	      90.00000000	      -0.05000000	       0.00000000	       0.81999486	    4448.02061610	       6.29648360	    -362.45067840	      12.46999710	      14.41410240	 # /home/vilardi/Prog/Proj/DMF2RG_run/run/hope_for_dwave/n0.820/tpri_-0.050/U2.00/beta90.00/log/messages
      0.04891000	       2.00000000	      90.00000000	      -0.05000000	       0.00000000	       0.81999486	    4766.24967240	       6.34853090	    -374.76109500	      12.65459030	      14.80666060	 # /home/vilardi/Prog/Proj/DMF2RG_run/run/hope_for_dwave/n0.820/tpri_-0.050/U2.00/beta90.00/log/messages
      0.04876800	       2.00000000	      90.00000000	      -0.05000000	       0.00000000	       0.81999486	    4927.09401700	       6.37400220	    -380.73065310	      12.74574750	      14.99763440	 # /home/vilardi/Prog/Proj/DMF2RG_run/run/hope_for_dwave/n0.820/tpri_-0.050/U2.00/beta90.00/log/messages
      0.04860000	       2.00000000	      90.00000000	      -0.05000000	       0.00000000	       0.81999486	    5129.15034340	       6.40536720	    -388.01459490	      12.85868270	      15.23091870	 # /home/vilardi/Prog/Proj/DMF2RG_run/run/hope_for_dwave/n0.820/tpri_-0.050/U2.00/beta90.00/log/messages
      0.04841500	       2.00000000	      90.00000000	      -0.05000000	       0.00000000	       0.81999486	    5369.52715670	       6.44176450	    -396.38977760	      12.99090740	      15.50001340	 # /home/vilardi/Prog/Proj/DMF2RG_run/run/hope_for_dwave/n0.820/tpri_-0.050/U2.00/beta90.00/log/messages
      0.04821600	       2.00000000	      90.00000000	      -0.05000000	       0.00000000	       0.81999486	    5647.88689340	       6.48467510	    -405.73458310	      13.14171800	      15.80138930	 # /home/vilardi/Prog/Proj/DMF2RG_run/run/hope_for_dwave/n0.820/tpri_-0.050/U2.00/beta90.00/log/messages
      0.04801100	       2.00000000	      90.00000000	      -0.05000000	       0.00000000	       0.81999486	    5960.36930860	       6.59426650	    -415.82748600	      13.30886490	      16.12824030	 # /home/vilardi/Prog/Proj/DMF2RG_run/run/hope_for_dwave/n0.820/tpri_-0.050/U2.00/beta90.00/log/messages
      0.04776900	       2.00000000	      90.00000000	      -0.05000000	       0.00000000	       0.81999486	    6365.82099960	       6.73480950	    -428.38529750	      13.52373840	      16.53673490	 # /home/vilardi/Prog/Proj/DMF2RG_run/run/hope_for_dwave/n0.820/tpri_-0.050/U2.00/beta90.00/log/messages
      0.04770900	       2.00000000	      90.00000000	      -0.05000000	       0.00000000	       0.81999486	    6471.80661280	       6.77136280	    -431.58171220	      13.57973810	      16.64104710	 # /home/vilardi/Prog/Proj/DMF2RG_run/run/hope_for_dwave/n0.820/tpri_-0.050/U2.00/beta90.00/log/messages
      0.04766400	       2.00000000	      90.00000000	      -0.05000000	       0.00000000	       0.81999486	    6554.20199400	       6.79974610	    -434.04468080	      13.62327110	      16.72154430	 # /home/vilardi/Prog/Proj/DMF2RG_run/run/hope_for_dwave/n0.820/tpri_-0.050/U2.00/beta90.00/log/messages
      0.04760300	       2.00000000	      90.00000000	      -0.05000000	       0.00000000	       0.81999486	    6667.73816240	       6.83887690	    -437.40951090	      13.68330460	      16.83150980	 # /home/vilardi/Prog/Proj/DMF2RG_run/run/hope_for_dwave/n0.820/tpri_-0.050/U2.00/beta90.00/log/messages
      0.04754100	       2.00000000	      90.00000000	      -0.05000000	       0.00000000	       0.81999486	    6783.80940690	       6.87898050	    -440.81766880	      13.74479450	      16.94287350	 # /home/vilardi/Prog/Proj/DMF2RG_run/run/hope_for_dwave/n0.820/tpri_-0.050/U2.00/beta90.00/log/messages
      0.04745800	       2.00000000	      90.00000000	      -0.05000000	       0.00000000	       0.81999486	    6947.06933810	       6.93538530	    -445.56031810	      13.83150200	      17.09825660	 # /home/vilardi/Prog/Proj/DMF2RG_run/run/hope_for_dwave/n0.820/tpri_-0.050/U2.00/beta90.00/log/messages
      0.04735900	       2.00000000	      90.00000000	      -0.05000000	       0.00000000	       0.81999486	    7146.25749540	       7.00439950	    -451.27621160	      13.93782870	      17.28541950	 # /home/vilardi/Prog/Proj/DMF2RG_run/run/hope_for_dwave/n0.820/tpri_-0.050/U2.00/beta90.00/log/messages
      0.04729900	       2.00000000	      90.00000000	      -0.05000000	       0.00000000	       0.81999486	    7271.58305870	       7.04797900	    -454.83846940	      14.00512310	      17.40213660	 # /home/vilardi/Prog/Proj/DMF2RG_run/run/hope_for_dwave/n0.820/tpri_-0.050/U2.00/beta90.00/log/messages
      0.04721900	       2.00000000	      90.00000000	      -0.05000000	       0.00000000	       0.81999486	    7441.43171490	       7.10732120	    -459.63253740	      14.09698860	      17.55925110	 # /home/vilardi/Prog/Proj/DMF2RG_run/run/hope_for_dwave/n0.820/tpri_-0.050/U2.00/beta90.00/log/messages
      0.04712600	       2.00000000	      90.00000000	      -0.05000000	       0.00000000	       0.81999486	    7645.49098420	       7.17919660	    -465.35460800	      14.20865520	      17.74674490	 # /home/vilardi/Prog/Proj/DMF2RG_run/run/hope_for_dwave/n0.820/tpri_-0.050/U2.00/beta90.00/log/messages
      0.04702000	       2.00000000	      90.00000000	      -0.05000000	       0.00000000	       0.81999486	    7881.59581650	       7.26343540	    -471.94773760	      14.34013260	      17.96257420	 # /home/vilardi/Prog/Proj/DMF2RG_run/run/hope_for_dwave/n0.820/tpri_-0.050/U2.00/beta90.00/log/messages
      0.04689500	       2.00000000	      90.00000000	      -0.05000000	       0.00000000	       0.81999486	    8170.67535150	       7.36875020	    -480.03004620	      14.50555030	      18.22647750	 # /home/vilardi/Prog/Proj/DMF2RG_run/run/hope_for_dwave/n0.820/tpri_-0.050/U2.00/beta90.00/log/messages
      0.04675700	       2.00000000	      90.00000000	      -0.05000000	       0.00000000	       0.81999486	    8494.71102250	       7.49074750	    -489.19533180	      14.69875340	      18.52414540	 # /home/vilardi/Prog/Proj/DMF2RG_run/run/hope_for_dwave/n0.820/tpri_-0.050/U2.00/beta90.00/log/messages
      0.04671600	       2.00000000	      90.00000000	      -0.05000000	       0.00000000	       0.81999486	    8591.79591160	       7.52842650	    -491.98452950	      14.75887870	      18.61420770	 # /home/vilardi/Prog/Proj/DMF2RG_run/run/hope_for_dwave/n0.820/tpri_-0.050/U2.00/beta90.00/log/messages
      0.04667500	       2.00000000	      90.00000000	      -0.05000000	       0.00000000	       0.81999486	    8688.63095460	       7.56671470	    -494.79627750	      14.82009370	      18.70461530	 # /home/vilardi/Prog/Proj/DMF2RG_run/run/hope_for_dwave/n0.820/tpri_-0.050/U2.00/beta90.00/log/messages
      0.04662000	       2.00000000	      90.00000000	      -0.05000000	       0.00000000	       0.81999486	    8816.89782650	       7.61854940	    -498.57616950	      14.90333020	      18.82562360	 # /home/vilardi/Prog/Proj/DMF2RG_run/run/hope_for_dwave/n0.820/tpri_-0.050/U2.00/beta90.00/log/messages
      0.04655000	       2.00000000	      90.00000000	      -0.05000000	       0.00000000	       0.81999486	    8980.19798290	       7.68676560	    -503.50817550	      15.01356390	      18.98245010	 # /home/vilardi/Prog/Proj/DMF2RG_run/run/hope_for_dwave/n0.820/tpri_-0.050/U2.00/beta90.00/log/messages
      0.04646200	       2.00000000	      90.00000000	      -0.05000000	       0.00000000	       0.81999486	    9179.63508040	       7.77446360	    -509.78860030	      15.15658530	      19.18002170	 # /home/vilardi/Prog/Proj/DMF2RG_run/run/hope_for_dwave/n0.820/tpri_-0.050/U2.00/beta90.00/log/messages
      0.04637200	       2.00000000	      90.00000000	      -0.05000000	       0.00000000	       0.81999486	    9372.71971290	       7.86584790	    -516.27530860	      15.30734050	      19.38099500	 # /home/vilardi/Prog/Proj/DMF2RG_run/run/hope_for_dwave/n0.820/tpri_-0.050/U2.00/beta90.00/log/messages
      0.04628300	       2.00000000	      90.00000000	      -0.05000000	       0.00000000	       0.81999486	    9551.52644170	       7.95926530	    -522.86276420	      15.46348200	      19.58107180	 # /home/vilardi/Prog/Proj/DMF2RG_run/run/hope_for_dwave/n0.820/tpri_-0.050/U2.00/beta90.00/log/messages
