# 0lam 1Uhub 2beta 3tpri 4fill 5mag 6den_max 7den_min 8dwave
   1.0000000000	   1.5000000000	  70.0000000000	  -0.0500000000	   0.8400000000	   0.0000000000	   0.0000000000	   0.0000000000	   0.0000000000	
   0.9365053292	   1.5000000000	  70.0000000000	  -0.0500000000	   0.8400000000	   0.1189002567	   0.0178270514	  -0.0189903264	   0.0000000299	
   0.8872341511	   1.5000000000	  70.0000000000	  -0.0500000000	   0.8400000000	   0.3817737493	   0.0553448691	  -0.0597684100	   0.0000007701	
   0.8488861897	   1.5000000000	  70.0000000000	  -0.0500000000	   0.8400000000	   0.6981317756	   0.0979394267	  -0.1073465843	   0.0000044018	
   0.8255580013	   1.5000000000	  70.0000000000	  -0.0500000000	   0.8400000000	   0.9439189922	   0.1291683105	  -0.1431456887	   0.0000103955	
   0.8028708934	   1.5000000000	  70.0000000000	  -0.0500000000	   0.8400000000	   1.2256218597	   0.1630830744	  -0.1830096378	   0.0000216012	
   0.7808072486	   1.5000000000	  70.0000000000	  -0.0500000000	   0.8400000000	   1.5438056006	   0.1991697378	  -0.2266947480	   0.0000408719	
   0.7567539950	   1.5000000000	  70.0000000000	  -0.0500000000	   0.8400000000	   1.9457299679	   0.2416183714	  -0.2799495320	   0.0000764403	
   0.7432344211	   1.5000000000	  70.0000000000	  -0.0500000000	   0.8400000000	   2.2008912479	   0.2668062713	  -0.3125378201	   0.0001058740	
   0.7280735329	   1.5000000000	  70.0000000000	  -0.0500000000	   0.8400000000	   2.5124261559	   0.2960331632	  -0.3513642360	   0.0001495561	
   0.7132219045	   1.5000000000	  70.0000000000	  -0.0500000000	   0.8400000000	   2.8453044257	   0.3256169057	  -0.3917096118	   0.0002060653	
   0.6849697617	   1.5000000000	  70.0000000000	  -0.0500000000	   0.8400000000	   3.5659224611	   0.3842775725	  -0.4752340494	   0.0003639927	
   0.6332368112	   1.5000000000	  70.0000000000	  -0.0500000000	   0.8400000000	   5.2463168521	   0.4973481185	  -0.6547664164	   0.0009228841	
   0.5854110378	   1.5000000000	  70.0000000000	  -0.0500000000	   0.8400000000	   7.3500240711	   0.6055817443	  -0.8539322167	   0.0019762934	
   0.5140047250	   1.5000000000	  70.0000000000	  -0.0500000000	   0.8400000000	  11.9462540685	   0.7702519911	  -1.2235397315	   0.0054385846	
   0.4513082950	   1.5000000000	  70.0000000000	  -0.0500000000	   0.8400000000	  18.3003009493	   0.9347386817	  -1.6405050833	   0.0121786168	
   0.3806606412	   1.5000000000	  70.0000000000	  -0.0500000000	   0.8400000000	  30.0104803286	   1.1273706872	  -2.2578364331	   0.0286667714	
   0.3099424713	   1.5000000000	  70.0000000000	  -0.0500000000	   0.8400000000	  50.0834662464	   1.3278940694	  -3.1158146989	   0.0666498300	
   0.2660653774	   1.5000000000	  70.0000000000	  -0.0500000000	   0.8400000000	  68.5252018548	   1.4572681524	  -3.8360533725	   0.1139470987	
   0.2283997567	   1.5000000000	  70.0000000000	  -0.0500000000	   0.8400000000	  87.5828948393	   1.5712718647	  -4.6312517313	   0.1841974431	
   0.2011933327	   1.5000000000	  70.0000000000	  -0.0500000000	   0.8400000000	 102.3319176626	   1.6566345407	  -5.3504122095	   0.2651362291	
   0.1810603561	   1.5000000000	  70.0000000000	  -0.0500000000	   0.8400000000	 114.5489150622	   1.7196907642	  -5.9887258435	   0.3517026675	
   0.1648243726	   1.5000000000	  70.0000000000	  -0.0500000000	   0.8400000000	 132.1651619650	   1.7712499931	  -6.5879602999	   0.4459696311	
   0.1473912988	   1.5000000000	  70.0000000000	  -0.0500000000	   0.8400000000	 164.4553907897	   1.8268357856	  -7.7648939691	   0.5824224124	
   0.1299673764	   1.5000000000	  70.0000000000	  -0.0500000000	   0.8400000000	 210.5188937450	   1.8821570599	  -9.4086631409	   0.7723613282	
   0.1190301076	   1.5000000000	  70.0000000000	  -0.0500000000	   0.8400000000	 255.9076519063	   1.9165543475	 -10.7408030165	   0.9311933777	
   0.1077052918	   1.5000000000	  70.0000000000	  -0.0500000000	   0.8400000000	 321.1293521821	   1.9515307629	 -12.4959561969	   1.1415704305	
   0.1044459984	   1.5000000000	  70.0000000000	  -0.0500000000	   0.8400000000	 344.6711659948	   1.9614605639	 -13.0905970269	   1.2132268051	
   0.1002210990	   1.5000000000	  70.0000000000	  -0.0500000000	   0.8400000000	 379.2172615028	   1.9741651453	 -13.9352474281	   1.3151313603	
   0.0948192582	   1.5000000000	  70.0000000000	  -0.0500000000	   0.8400000000	 431.6279581423	   1.9901324652	 -15.1570959947	   1.4626347303	
   0.0892049355	   1.5000000000	  70.0000000000	  -0.0500000000	   0.8400000000	 498.8727108468	   2.0062910493	 -16.6328616192	   1.6405643197	
   0.0870638677	   1.5000000000	  70.0000000000	  -0.0500000000	   0.8400000000	 528.8164261291	   2.0123112072	 -17.2619765348	   1.7162720314	
   0.0846200359	   1.5000000000	  70.0000000000	  -0.0500000000	   0.8400000000	 566.8804230404	   2.0191277518	 -18.0294312175	   1.8087931233	
   0.0818593689	   1.5000000000	  70.0000000000	  -0.0500000000	   0.8400000000	 615.3267860361	   2.0266628202	 -18.9732488037	   1.9220031128	
   0.0787739799	   1.5000000000	  70.0000000000	  -0.0500000000	   0.8400000000	 677.4271389093	   2.0348125752	 -20.1364275831	   2.0610030065	
   0.0769999755	   1.5000000000	  70.0000000000	  -0.0500000000	   0.8400000000	 717.5862703150	   2.0393440767	 -20.8634460507	   2.1476731441	
   0.0752472629	   1.5000000000	  70.0000000000	  -0.0500000000	   0.8400000000	 761.6302443233	   2.0437727550	 -21.6273185895	   2.2386883805	
   0.0734101258	   1.5000000000	  70.0000000000	  -0.0500000000	   0.8400000000	 812.0639419852	   2.0482229819	 -22.4850256606	   2.3404806040	
   0.0699217928	   1.5000000000	  70.0000000000	  -0.0500000000	   0.8400000000	 925.2951515690	   2.0563472973	 -24.2925201815	   2.5543169989	
   0.0665992199	   1.5000000000	  70.0000000000	  -0.0500000000	   0.8400000000	1058.4342951406	   2.0633993209	 -26.2776138325	   2.7880588507	
   0.0658166450	   1.5000000000	  70.0000000000	  -0.0500000000	   0.8400000000	1094.5903833499	   2.0649636445	 -26.7892128497	   2.8481564252	
   0.0647626186	   1.5000000000	  70.0000000000	  -0.0500000000	   0.8400000000	1146.4213335721	   2.0669759930	 -27.5084947815	   2.9325245103	
   0.0634151407	   1.5000000000	  70.0000000000	  -0.0500000000	   0.8400000000	1219.2971682669	   2.0694270067	 -28.4820948615	   3.0465862184	
   0.0620291414	   1.5000000000	  70.0000000000	  -0.0500000000	   0.8400000000	1302.3550256039	   2.0717349472	 -29.5540702303	   3.1719587938	
   0.0606769734	   1.5000000000	  70.0000000000	  -0.0500000000	   0.8400000000	1393.8552715666	   2.0738226309	 -30.6758617898	   3.3030796436	
   0.0593542812	   1.5000000000	  70.0000000000	  -0.0500000000	   0.8400000000	1494.1322477402	   2.0757930963	 -31.8554162861	   3.4408627041	
   0.0586426080	   1.5000000000	  70.0000000000	  -0.0500000000	   0.8400000000	1553.6327657163	   2.0769030882	 -32.5270365271	   3.5193247039	
   0.0579394680	   1.5000000000	  70.0000000000	  -0.0500000000	   0.8400000000	1615.8326005118	   2.0778874469	 -33.2189440965	   3.6001214642	
   0.0568712012	   1.5000000000	  70.0000000000	  -0.0500000000	   0.8400000000	1720.3091816493	   2.0792945286	 -34.3263942408	   3.7295963006	
   0.0562418161	   1.5000000000	  70.0000000000	  -0.0500000000	   0.8400000000	1787.3565571143	   2.0800293050	 -35.0140848622	   3.8100645654	
   0.0555672358	   1.5000000000	  70.0000000000	  -0.0500000000	   0.8400000000	1864.0573755257	   2.0804862337	 -35.7827541736	   3.9000652316	
   0.0549558455	   1.5000000000	  70.0000000000	  -0.0500000000	   0.8400000000	1939.4586677965	   2.0803178465	 -36.5086222652	   3.9852066197	
   0.0545471165	   1.5000000000	  70.0000000000	  -0.0500000000	   0.8400000000	1993.3676883732	   2.0801658936	 -37.0103105114	   4.0441645116	
   0.0539242519	   1.5000000000	  70.0000000000	  -0.0500000000	   0.8400000000	2079.1823559223	   2.0799889040	 -37.8043712245	   4.1374774130	
   0.0533084997	   1.5000000000	  70.0000000000	  -0.0500000000	   0.8400000000	2171.4133913255	   2.0802628079	 -38.6241070437	   4.2340252490	
   0.0527928474	   1.5000000000	  70.0000000000	  -0.0500000000	   0.8400000000	2255.2840254305	   2.0804314919	 -39.3390102446	   4.3184538784	
   0.0521037792	   1.5000000000	  70.0000000000	  -0.0500000000	   0.8400000000	2374.8327728441	   2.0804349518	 -40.3401347922	   4.4369498269	
   0.0514237049	   1.5000000000	  70.0000000000	  -0.0500000000	   0.8400000000	2505.8282120407	   2.0802996050	 -41.3816538556	   4.5607382123	
   0.0509799552	   1.5000000000	  70.0000000000	  -0.0500000000	   0.8400000000	2599.5993208152	   2.0801272505	 -42.0922817212	   4.6455649430	
   0.0501392915	   1.5000000000	  70.0000000000	  -0.0500000000	   0.8400000000	2793.0352753359	   2.0794277910	 -43.5155221772	   4.8162348613	
   0.0493124903	   1.5000000000	  70.0000000000	  -0.0500000000	   0.8400000000	3014.0985197574	   2.0784075349	 -45.0207413830	   4.9982844588	
   0.0488249591	   1.5000000000	  70.0000000000	  -0.0500000000	   0.8400000000	3158.3473673471	   2.0775228463	 -45.9653204479	   5.1133631110	
   0.0482391692	   1.5000000000	  70.0000000000	  -0.0500000000	   0.8400000000	3351.4347510268	   2.0776799315	 -47.1605934005	   5.2600950430	
   0.0477936647	   1.5000000000	  70.0000000000	  -0.0500000000	   0.8400000000	3515.7337701980	   2.0804399900	 -48.1178831037	   5.3786350636	
   0.0472315699	   1.5000000000	  70.0000000000	  -0.0500000000	   0.8400000000	3742.4558080209	   2.0838509612	 -49.3945529431	   5.5380954588	
   0.0466259628	   1.5000000000	  70.0000000000	  -0.0500000000	   0.8400000000	4023.2995027374	   2.0879303875	 -50.8623158719	   5.7237553422	
   0.0463499086	   1.5000000000	  70.0000000000	  -0.0500000000	   0.8400000000	4164.5960166868	   2.0935733389	 -51.5675028976	   5.8138974453	
   0.0460754887	   1.5000000000	  70.0000000000	  -0.0500000000	   0.8400000000	4313.6519550893	   2.1162885863	 -52.2932519731	   5.9072992042	
   0.0457361503	   1.5000000000	  70.0000000000	  -0.0500000000	   0.8400000000	4514.5969637985	   2.1459738515	 -53.2259729146	   6.0284285143	
   0.0453993111	   1.5000000000	  70.0000000000	  -0.0500000000	   0.8400000000	4734.9211010085	   2.1774340503	 -54.1937533395	   6.1555128846	
   0.0452891424	   1.5000000000	  70.0000000000	  -0.0500000000	   0.8400000000	4812.0814826062	   2.1881844910	 -54.5200045114	   6.1986983353	
   0.0451792411	   1.5000000000	  70.0000000000	  -0.0500000000	   0.8400000000	4889.4225346553	   2.1992581519	 -54.8514723788	   6.2426916629	
   0.0449189606	   1.5000000000	  70.0000000000	  -0.0500000000	   0.8400000000	5083.7449614534	   2.2265044399	 -55.6571532774	   6.3504080137	
   0.0445646866	   1.5000000000	  70.0000000000	  -0.0500000000	   0.8400000000	5376.8040810783	   2.2661471850	 -56.8044943197	   6.5057743406	
   0.0443680891	   1.5000000000	  70.0000000000	  -0.0500000000	   0.8400000000	5555.8084184136	   2.2895849876	 -57.4686474335	   6.5968424007	
   0.0441585802	   1.5000000000	  70.0000000000	  -0.0500000000	   0.8400000000	5758.2341901304	   2.3159638983	 -58.2009294681	   6.6982061625	
   0.0439500605	   1.5000000000	  70.0000000000	  -0.0500000000	   0.8400000000	5972.9280026850	   2.3437714437	 -58.9564154197	   6.8038479993	
   0.0436875203	   1.5000000000	  70.0000000000	  -0.0500000000	   0.8400000000	6269.3031576715	   2.3810433115	 -59.9470796687	   6.9441913471	
   0.0434265484	   1.5000000000	  70.0000000000	  -0.0500000000	   0.8400000000	6597.5746737766	   2.4209706886	 -60.9796962666	   7.0928174540	
   0.0431955148	   1.5000000000	  70.0000000000	  -0.0500000000	   0.8400000000	6912.4282319333	   2.4593742880	 -61.9402399304	   7.2331764713	
   0.0429657104	   1.5000000000	  70.0000000000	  -0.0500000000	   0.8400000000	7259.1030883807	   2.5005251576	 -62.9410133476	   7.3817762509	
   0.0427489657	   1.5000000000	  70.0000000000	  -0.0500000000	   0.8400000000	7622.9955228162	   2.5424179895	 -63.9305542189	   7.5312575630	
   0.0426007605	   1.5000000000	  70.0000000000	  -0.0500000000	   0.8400000000	7895.7816232206	   2.5730354046	 -64.6352550022	   7.6393440659	
   0.0425011857	   1.5000000000	  70.0000000000	  -0.0500000000	   0.8400000000	8086.2088142684	   2.5947773650	 -65.1238368988	   7.7150265897	
   0.0424018436	   1.5000000000	  70.0000000000	  -0.0500000000	   0.8400000000	8285.9403166274	   2.6173443453	 -65.6230758247	   7.7930433923	
   0.0422797220	   1.5000000000	  70.0000000000	  -0.0500000000	   0.8400000000	8546.9146217119	   2.6463564696	 -66.2537000996	   7.8926246742	
   0.0421710812	   1.5000000000	  70.0000000000	  -0.0500000000	   0.8400000000	8794.8288909491	   2.6732926143	 -66.8313838205	   8.0895838258	
   0.0420627195	   1.5000000000	  70.0000000000	  -0.0500000000	   0.8400000000	9058.4212872925	   2.7016341432	 -67.4242836550	   8.1815448618	
