# 1lam 2Uhub 3beta 4tpri 5dens 6type(mag,char,swave,dwave) 7kx 8ky 9magmax 10chargemax 11swavemax 12dwavemax 13mag(0,0) 14mag(pi,pi)  15self(1=yes,0=no) 16 mu  
 0.00000614	2.00000000	50.00000000	-0.05000000	0.82001523	0.00000000	3.14159265	2.63893783	167.67123412	0.00000000	0.00000000	2.39109115	9.71055578	107.59647780	1.00000000	0.00000000	 
0.95664860	2.00000000	50.00000000	-0.05000000	0.82001523	0.00000000	0.00000000	0.00000000	0.11879543	0.00000000	0.00000000	0.00000003	0.11879543	0.10934159	1.00000000	0.00000000	 
0.92066704	2.00000000	50.00000000	-0.05000000	0.82001523	0.00000000	0.00000000	0.00000000	0.38468198	0.00000000	0.00000000	0.00000058	0.38468198	0.37427915	1.00000000	0.00000000	 
0.88603882	2.00000000	50.00000000	-0.05000000	0.82001523	0.00000000	3.14159265	3.14159265	0.78593554	0.00000000	0.00000000	0.00000342	0.76341866	0.78593554	1.00000000	0.00000000	 
0.85856915	2.00000000	50.00000000	-0.05000000	0.82001523	0.00000000	3.14159265	3.14159265	1.22648659	0.00000000	0.00000000	0.00000976	1.13498430	1.22648659	1.00000000	0.00000000	 
0.83563695	2.00000000	50.00000000	-0.05000000	0.82001523	0.00000000	3.14159265	3.14159265	1.66974837	0.00000000	0.00000000	0.00002011	1.48420279	1.66974837	1.00000000	0.00000000	 
0.81770113	2.00000000	50.00000000	-0.05000000	0.82001523	0.00000000	3.14159265	3.14159265	2.06988102	0.00000000	0.00000000	0.00003295	1.77744699	2.06988102	1.00000000	0.00000000	 
0.80015028	2.00000000	50.00000000	-0.05000000	0.82001523	0.00000000	3.14159265	3.14159265	2.51000277	0.00000000	0.00000000	0.00005084	2.07821694	2.51000277	1.00000000	0.00000000	 
0.78416824	2.00000000	50.00000000	-0.05000000	0.82001523	0.00000000	3.14159265	3.14159265	2.95507957	0.00000000	0.00000000	0.00007564	2.36158813	2.95507957	1.00000000	0.00000000	 
0.76695338	2.00000000	50.00000000	-0.05000000	0.82001523	0.00000000	3.14159265	3.14159265	3.48471619	0.00000000	0.00000000	0.00011930	2.67458990	3.48471619	1.00000000	0.00000000	 
0.74730862	2.00000000	50.00000000	-0.05000000	0.82001523	0.00000000	3.14159265	3.14159265	4.15714504	0.00000000	0.00000000	0.00019310	3.03860150	4.15714504	1.00000000	0.00000000	 
0.71312285	2.00000000	50.00000000	-0.05000000	0.82001523	0.00000000	3.07876080	3.07876080	5.52520546	0.00000000	0.00000000	0.00040434	3.68185759	5.51803792	1.00000000	0.00000000	 
0.66695804	2.00000000	50.00000000	-0.05000000	0.82001523	0.00000000	3.14159265	3.14159265	7.84413001	0.00000000	0.00000000	0.00097357	4.54444621	7.84413001	1.00000000	0.00000000	 
0.61669929	2.00000000	50.00000000	-0.05000000	0.82001523	0.00000000	3.14159265	3.14159265	11.05924331	0.00000000	0.00000000	0.00226268	5.44919838	11.05924331	1.00000000	0.00000000	 
0.55941587	2.00000000	50.00000000	-0.05000000	0.82001523	0.00000000	3.14159265	3.14159265	15.94243966	0.00000000	0.00000000	0.00520788	6.40633782	15.94243966	1.00000000	0.00000000	 
0.48017121	2.00000000	50.00000000	-0.05000000	0.82001523	0.00000000	3.14159265	3.14159265	25.77494659	0.00000000	0.00000000	0.01441681	7.56383818	25.77494659	1.00000000	0.00000000	 
0.40843511	2.00000000	50.00000000	-0.05000000	0.82001523	0.00000000	3.14159265	3.14159265	39.36355481	0.00000000	0.00000000	0.03307326	8.42796839	39.36355481	1.00000000	0.00000000	 
0.30878334	2.00000000	50.00000000	-0.05000000	0.82001523	0.00000000	3.14159265	3.14159265	69.62890763	0.00000000	0.00000000	0.09653011	9.32750220	69.62890763	1.00000000	0.00000000	 
0.27326069	2.00000000	50.00000000	-0.05000000	0.82001523	0.00000000	3.14159265	3.14159265	83.90099507	0.00000000	0.00000000	0.13973703	9.56113499	83.90099507	1.00000000	0.00000000	 
0.23141934	2.00000000	50.00000000	-0.05000000	0.82001523	0.00000000	3.14159265	3.14159265	101.31793894	0.00000000	0.00000000	0.21535305	9.77744637	101.31793894	1.00000000	0.00000000	 
0.18697474	2.00000000	50.00000000	-0.05000000	0.82001523	0.00000000	3.14159265	3.14159265	116.01101655	0.00000000	0.00000000	0.34028360	9.93616214	116.01101655	1.00000000	0.00000000	 
0.15817196	2.00000000	50.00000000	-0.05000000	0.82001523	0.00000000	3.14159265	3.01592895	120.28935030	0.00000000	0.00000000	0.45726685	9.99870412	120.12397493	1.00000000	0.00000000	 
0.14317918	2.00000000	50.00000000	-0.05000000	0.82001523	0.00000000	3.14159265	3.01592895	123.65803130	0.00000000	0.00000000	0.53307735	10.01825192	123.38889164	1.00000000	0.00000000	 
0.13319769	2.00000000	50.00000000	-0.05000000	0.82001523	0.00000000	3.14159265	3.01592895	125.28057431	0.00000000	0.00000000	0.59030281	10.02622873	124.61207100	1.00000000	0.00000000	 
0.12439463	2.00000000	50.00000000	-0.05000000	0.82001523	0.00000000	3.14159265	3.01592895	126.05976873	0.00000000	0.00000000	0.64579931	10.02987104	125.01342336	1.00000000	0.00000000	 
0.11617336	2.00000000	50.00000000	-0.05000000	0.82001523	0.00000000	3.14159265	3.01592895	127.01340748	0.00000000	0.00000000	0.70229704	10.03036461	126.29211154	1.00000000	0.00000000	 
0.10603246	2.00000000	50.00000000	-0.05000000	0.82001523	0.00000000	3.14159265	3.01592895	128.95683118	0.00000000	0.00000000	0.77881777	10.02704837	127.78913394	1.00000000	0.00000000	 
0.09295270	2.00000000	50.00000000	-0.05000000	0.82001523	0.00000000	3.14159265	3.01592895	130.37373923	0.00000000	0.00000000	0.89002031	10.01625458	128.61300428	1.00000000	0.00000000	 
0.07470907	2.00000000	50.00000000	-0.05000000	0.82001523	0.00000000	2.99436846	2.78616202	133.69723722	0.00000000	0.00000000	1.07279295	9.98863097	127.76280019	1.00000000	0.00000000	 
0.05553707	2.00000000	50.00000000	-0.05000000	0.82001523	0.00000000	3.14159265	2.63893783	142.69127315	0.00000000	0.00000000	1.30780612	9.94321758	124.66258544	1.00000000	0.00000000	 
0.04128503	2.00000000	50.00000000	-0.05000000	0.82001523	0.00000000	3.14159265	2.63893783	150.15057375	0.00000000	0.00000000	1.51861255	9.89760432	121.18158867	1.00000000	0.00000000	 
0.02275210	2.00000000	50.00000000	-0.05000000	0.82001523	0.00000000	3.14159265	2.63893783	158.87975634	0.00000000	0.00000000	1.85280217	9.82423470	115.55266000	1.00000000	0.00000000	 
0.01253864	2.00000000	50.00000000	-0.05000000	0.82001523	0.00000000	3.14159265	2.63893783	163.09430885	0.00000000	0.00000000	2.07363775	9.77666133	112.07244335	1.00000000	0.00000000	 
0.00550606	2.00000000	50.00000000	-0.05000000	0.82001523	0.00000000	3.14159265	2.63893783	165.75277494	0.00000000	0.00000000	2.24479437	9.74058950	109.58591914	1.00000000	0.00000000	 
0.00146587	2.00000000	50.00000000	-0.05000000	0.82001523	0.00000000	3.14159265	2.63893783	167.17592653	0.00000000	0.00000000	2.35111621	9.71868788	108.12783892	1.00000000	0.00000000	 
0.00012126	2.00000000	50.00000000	-0.05000000	0.82001523	0.00000000	3.14159265	2.63893783	167.63251999	0.00000000	0.00000000	2.38789998	9.71120190	107.63849360	1.00000000	0.00000000	 
0.00000614	2.00000000	50.00000000	-0.05000000	0.82001523	0.00000000	3.14159265	2.63893783	167.67123412	0.00000000	0.00000000	2.39109115	9.71055578	107.59647780	1.00000000	0.00000000	 
0.00000614	2.00000000	50.00000000	-0.05000000	0.82001523	0.00000000	3.14159265	2.63893783	167.67123412	0.00000000	0.00000000	2.39109115	9.71055578	107.59647780	1.00000000	0.00000000	 
0.17000183	2.00000000	50.00000000	-0.05000000	0.83998815	0.00000000	3.14159265	3.14159265	2085.78363831	0.00000000	0.00000000	1.67497616	12.34880670	2085.78363831	1.00000000	0.00000000	 
0.95922735	2.00000000	50.00000000	-0.05000000	0.83998815	0.00000000	0.00000000	0.00000000	0.12385988	0.00000000	0.00000000	0.00000003	0.12385988	0.11230885	1.00000000	0.00000000	 
0.92678924	2.00000000	50.00000000	-0.05000000	0.83998815	0.00000000	0.00000000	0.00000000	0.38673521	0.00000000	0.00000000	0.00000056	0.38673521	0.36890063	1.00000000	0.00000000	 
0.89969681	2.00000000	50.00000000	-0.05000000	0.83998815	0.00000000	0.00000000	0.00000000	0.70595514	0.00000000	0.00000000	0.00000273	0.70595514	0.70443477	1.00000000	0.00000000	 
0.87339637	2.00000000	50.00000000	-0.05000000	0.83998815	0.00000000	3.14159265	3.14159265	1.13864874	0.00000000	0.00000000	0.00000871	1.09149492	1.13864874	1.00000000	0.00000000	 
0.83909046	2.00000000	50.00000000	-0.05000000	0.83998815	0.00000000	3.07876080	3.07876080	1.86924182	0.00000000	0.00000000	0.00002866	1.68708632	1.86868777	1.00000000	0.00000000	 
0.82394790	2.00000000	50.00000000	-0.05000000	0.83998815	0.00000000	3.14159265	3.14159265	2.25612413	0.00000000	0.00000000	0.00004467	1.97722692	2.25612413	1.00000000	0.00000000	 
0.80558481	2.00000000	50.00000000	-0.05000000	0.83998815	0.00000000	3.14159265	3.14159265	2.78401479	0.00000000	0.00000000	0.00007259	2.34701491	2.78401479	1.00000000	0.00000000	 
0.78449479	2.00000000	50.00000000	-0.05000000	0.83998815	0.00000000	3.14159265	3.14159265	3.47439944	0.00000000	0.00000000	0.00011957	2.79128120	3.47439944	1.00000000	0.00000000	 
0.77166055	2.00000000	50.00000000	-0.05000000	0.83998815	0.00000000	3.14159265	3.14159265	3.94189443	0.00000000	0.00000000	0.00015795	3.06962045	3.94189443	1.00000000	0.00000000	 
0.75600790	2.00000000	50.00000000	-0.05000000	0.83998815	0.00000000	3.14159265	3.14159265	4.56426597	0.00000000	0.00000000	0.00021850	3.41518163	4.56426597	1.00000000	0.00000000	 
0.73767619	2.00000000	50.00000000	-0.05000000	0.83998815	0.00000000	3.14159265	3.14159265	5.37170648	0.00000000	0.00000000	0.00033335	3.82599879	5.37170648	1.00000000	0.00000000	 
0.71717691	2.00000000	50.00000000	-0.05000000	0.83998815	0.00000000	3.14159265	3.14159265	6.38459853	0.00000000	0.00000000	0.00051809	4.28969950	6.38459853	1.00000000	0.00000000	 
0.69488707	2.00000000	50.00000000	-0.05000000	0.83998815	0.00000000	3.14159265	3.14159265	7.63294260	0.00000000	0.00000000	0.00081281	4.79499367	7.63294260	1.00000000	0.00000000	 
0.66907638	2.00000000	50.00000000	-0.05000000	0.83998815	0.00000000	3.14159265	3.14159265	9.29657948	0.00000000	0.00000000	0.00132279	5.37769219	9.29657948	1.00000000	0.00000000	 
0.64327510	2.00000000	50.00000000	-0.05000000	0.83998815	0.00000000	3.14159265	3.14159265	11.25835650	0.00000000	0.00000000	0.00208644	5.94879460	11.25835650	1.00000000	0.00000000	 
0.61207933	2.00000000	50.00000000	-0.05000000	0.83998815	0.00000000	3.14159265	3.14159265	14.07620435	0.00000000	0.00000000	0.00347700	6.61984310	14.07620435	1.00000000	0.00000000	 
0.57663644	2.00000000	50.00000000	-0.05000000	0.83998815	0.00000000	3.14159265	3.14159265	17.94971479	0.00000000	0.00000000	0.00594496	7.34907520	17.94971479	1.00000000	0.00000000	 
0.53648045	2.00000000	50.00000000	-0.05000000	0.83998815	0.00000000	3.14159265	3.14159265	23.56840929	0.00000000	0.00000000	0.01049527	8.12533624	23.56840929	1.00000000	0.00000000	 
0.49162543	2.00000000	50.00000000	-0.05000000	0.83998815	0.00000000	3.14159265	3.14159265	32.00752561	0.00000000	0.00000000	0.01901410	8.92227339	32.00752561	1.00000000	0.00000000	 
0.45052072	2.00000000	50.00000000	-0.05000000	0.83998815	0.00000000	3.14159265	3.14159265	42.71979008	0.00000000	0.00000000	0.03190768	9.58402467	42.71979008	1.00000000	0.00000000	 
0.38412453	2.00000000	50.00000000	-0.05000000	0.83998815	0.00000000	3.14159265	3.14159265	70.64678102	0.00000000	0.00000000	0.07156948	10.51299714	70.64678102	1.00000000	0.00000000	 
0.32168947	2.00000000	50.00000000	-0.05000000	0.83998815	0.00000000	3.14159265	3.14159265	122.64250889	0.00000000	0.00000000	0.15319796	11.22768992	122.64250889	1.00000000	0.00000000	 
0.30156949	2.00000000	50.00000000	-0.05000000	0.83998815	0.00000000	3.14159265	3.14159265	150.57438466	0.00000000	0.00000000	0.19745797	11.42595849	150.57438466	1.00000000	0.00000000	 
0.27119243	2.00000000	50.00000000	-0.05000000	0.83998815	0.00000000	3.14159265	3.14159265	213.32393155	0.00000000	0.00000000	0.29446001	11.69629093	213.32393155	1.00000000	0.00000000	 
0.23703856	2.00000000	50.00000000	-0.05000000	0.83998815	0.00000000	3.14159265	3.14159265	342.38524265	0.00000000	0.00000000	0.47984759	11.95884769	342.38524265	1.00000000	0.00000000	 
0.22167647	2.00000000	50.00000000	-0.05000000	0.83998815	0.00000000	3.14159265	3.14159265	457.06403673	0.00000000	0.00000000	0.61053587	12.06277679	457.06403673	1.00000000	0.00000000	 
0.20730997	2.00000000	50.00000000	-0.05000000	0.83998815	0.00000000	3.14159265	3.14159265	633.89842406	0.00000000	0.00000000	0.77837375	12.15205406	633.89842406	1.00000000	0.00000000	 
0.20083883	2.00000000	50.00000000	-0.05000000	0.83998815	0.00000000	3.14159265	3.14159265	747.30694512	0.00000000	0.00000000	0.87456554	12.18980299	747.30694512	1.00000000	0.00000000	 
0.19316253	2.00000000	50.00000000	-0.05000000	0.83998815	0.00000000	3.14159265	3.14159265	924.35837140	0.00000000	0.00000000	1.01135225	12.23262151	924.35837140	1.00000000	0.00000000	 
0.18955933	2.00000000	50.00000000	-0.05000000	0.83998815	0.00000000	3.14159265	3.14159265	1029.19563341	0.00000000	0.00000000	1.08607422	12.25197775	1029.19563341	1.00000000	0.00000000	 
0.18716538	2.00000000	50.00000000	-0.05000000	0.83998815	0.00000000	3.14159265	3.14159265	1108.76296996	0.00000000	0.00000000	1.14013923	12.26457593	1108.76296996	1.00000000	0.00000000	 
0.18480167	2.00000000	50.00000000	-0.05000000	0.83998815	0.00000000	3.14159265	3.14159265	1196.52430757	0.00000000	0.00000000	1.19739950	12.27681035	1196.52430757	1.00000000	0.00000000	 
0.17993424	2.00000000	50.00000000	-0.05000000	0.83998815	0.00000000	3.14159265	3.14159265	1412.86874835	0.00000000	0.00000000	1.32925597	12.30136443	1412.86874835	1.00000000	0.00000000	 
0.17661909	2.00000000	50.00000000	-0.05000000	0.83998815	0.00000000	3.14159265	3.14159265	1595.49907527	0.00000000	0.00000000	1.43166652	12.31760139	1595.49907527	1.00000000	0.00000000	 
0.17336502	2.00000000	50.00000000	-0.05000000	0.83998815	0.00000000	3.14159265	3.14159265	1811.58935825	0.00000000	0.00000000	1.54409554	12.33314111	1811.58935825	1.00000000	0.00000000	 
0.17213296	2.00000000	50.00000000	-0.05000000	0.83998815	0.00000000	3.14159265	3.14159265	1905.15648768	0.00000000	0.00000000	1.59017023	12.33892727	1905.15648768	1.00000000	0.00000000	 
0.17000183	2.00000000	50.00000000	-0.05000000	0.83998815	0.00000000	3.14159265	3.14159265	2085.78363831	0.00000000	0.00000000	1.67497616	12.34880670	2085.78363831	1.00000000	0.00000000	 
0.17000183	2.00000000	50.00000000	-0.05000000	0.83998815	0.00000000	3.14159265	3.14159265	2085.78363831	0.00000000	0.00000000	1.67497616	12.34880670	2085.78363831	1.00000000	0.00000000	 
0.27630869	2.00000000	50.00000000	-0.05000000	0.86001083	0.00000000	3.14159265	3.14159265	2140.75767435	0.00000000	0.00000000	0.74157125	13.89896794	2140.75767435	1.00000000	0.00000000	 
0.95875158	2.00000000	50.00000000	-0.05000000	0.86001083	0.00000000	0.00000000	0.00000000	0.14625477	0.00000000	0.00000000	0.00000004	0.14625477	0.13039022	1.00000000	0.00000000	 
0.92440885	2.00000000	50.00000000	-0.05000000	0.86001083	0.00000000	0.00000000	0.00000000	0.47538156	0.00000000	0.00000000	0.00000097	0.47538156	0.45070232	1.00000000	0.00000000	 
0.89129628	2.00000000	50.00000000	-0.05000000	0.86001083	0.00000000	3.14159265	3.14159265	0.95480856	0.00000000	0.00000000	0.00000607	0.95157903	0.95480856	1.00000000	0.00000000	 
0.85264584	2.00000000	50.00000000	-0.05000000	0.86001083	0.00000000	3.14159265	3.14159265	1.79719880	0.00000000	0.00000000	0.00002805	1.67332617	1.79719880	1.00000000	0.00000000	 
0.82818614	2.00000000	50.00000000	-0.05000000	0.86001083	0.00000000	3.14159265	3.14159265	2.48266917	0.00000000	0.00000000	0.00006062	2.20417814	2.48266917	1.00000000	0.00000000	 
0.81168402	2.00000000	50.00000000	-0.05000000	0.86001083	0.00000000	3.14159265	3.14159265	3.01956694	0.00000000	0.00000000	0.00009591	2.58810358	3.01956694	1.00000000	0.00000000	 
0.78323531	2.00000000	50.00000000	-0.05000000	0.86001083	0.00000000	3.14159265	3.14159265	4.10008954	0.00000000	0.00000000	0.00019339	3.28796957	4.10008954	1.00000000	0.00000000	 
0.76428213	2.00000000	50.00000000	-0.05000000	0.86001083	0.00000000	3.14159265	3.14159265	4.94045214	0.00000000	0.00000000	0.00029331	3.77431912	4.94045214	1.00000000	0.00000000	 
0.73070092	2.00000000	50.00000000	-0.05000000	0.86001083	0.00000000	3.14159265	3.14159265	6.70201802	0.00000000	0.00000000	0.00056633	4.65995416	6.70201802	1.00000000	0.00000000	 
0.69859520	2.00000000	50.00000000	-0.05000000	0.86001083	0.00000000	3.14159265	3.14159265	8.77022986	0.00000000	0.00000000	0.00101362	5.51965541	8.77022986	1.00000000	0.00000000	 
0.66790015	2.00000000	50.00000000	-0.05000000	0.86001083	0.00000000	3.14159265	3.14159265	11.17831063	0.00000000	0.00000000	0.00182639	6.33823759	11.17831063	1.00000000	0.00000000	 
0.63262190	2.00000000	50.00000000	-0.05000000	0.86001083	0.00000000	3.14159265	3.14159265	14.60207668	0.00000000	0.00000000	0.00341023	7.26023422	14.60207668	1.00000000	0.00000000	 
0.59739853	2.00000000	50.00000000	-0.05000000	0.86001083	0.00000000	3.14159265	3.14159265	18.93386178	0.00000000	0.00000000	0.00605626	8.14723757	18.93386178	1.00000000	0.00000000	 
0.55924219	2.00000000	50.00000000	-0.05000000	0.86001083	0.00000000	3.14159265	3.14159265	25.03283409	0.00000000	0.00000000	0.01079911	9.06007376	25.03283409	1.00000000	0.00000000	 
0.52452833	2.00000000	50.00000000	-0.05000000	0.86001083	0.00000000	3.14159265	3.14159265	32.39733601	0.00000000	0.00000000	0.01773953	9.84093067	32.39733601	1.00000000	0.00000000	 
0.46718261	2.00000000	50.00000000	-0.05000000	0.86001083	0.00000000	3.14159265	3.14159265	50.89892122	0.00000000	0.00000000	0.03866650	11.01755025	50.89892122	1.00000000	0.00000000	 
0.41589259	2.00000000	50.00000000	-0.05000000	0.86001083	0.00000000	3.14159265	3.14159265	80.66839390	0.00000000	0.00000000	0.07617817	11.94643104	80.66839390	1.00000000	0.00000000	 
0.37023348	2.00000000	50.00000000	-0.05000000	0.86001083	0.00000000	3.14159265	3.14159265	133.66330467	0.00000000	0.00000000	0.14124694	12.67614552	133.66330467	1.00000000	0.00000000	 
0.35762934	2.00000000	50.00000000	-0.05000000	0.86001083	0.00000000	3.14159265	3.14159265	158.05808466	0.00000000	0.00000000	0.16876175	12.86186830	158.05808466	1.00000000	0.00000000	 
0.33272614	2.00000000	50.00000000	-0.05000000	0.86001083	0.00000000	3.14159265	3.14159265	234.49145840	0.00000000	0.00000000	0.24434351	13.20859890	234.49145840	1.00000000	0.00000000	 
0.32480924	2.00000000	50.00000000	-0.05000000	0.86001083	0.00000000	3.14159265	3.14159265	272.85208773	0.00000000	0.00000000	0.27909340	13.31330125	272.85208773	1.00000000	0.00000000	 
0.31591958	2.00000000	50.00000000	-0.05000000	0.86001083	0.00000000	3.14159265	3.14159265	330.91336227	0.00000000	0.00000000	0.32288730	13.42773752	330.91336227	1.00000000	0.00000000	 
0.30210801	2.00000000	50.00000000	-0.05000000	0.86001083	0.00000000	3.14159265	3.14159265	479.98862285	0.00000000	0.00000000	0.41238889	13.59913111	479.98862285	1.00000000	0.00000000	 
0.29827686	2.00000000	50.00000000	-0.05000000	0.86001083	0.00000000	3.14159265	3.14159265	544.84876225	0.00000000	0.00000000	0.44373222	13.64531057	544.84876225	1.00000000	0.00000000	 
0.28997945	2.00000000	50.00000000	-0.05000000	0.86001083	0.00000000	3.14159265	3.14159265	768.53797894	0.00000000	0.00000000	0.52613354	13.74332986	768.53797894	1.00000000	0.00000000	 
0.28797484	2.00000000	50.00000000	-0.05000000	0.86001083	0.00000000	3.14159265	3.14159265	853.93018562	0.00000000	0.00000000	0.54993738	13.76660392	853.93018562	1.00000000	0.00000000	 
0.28360656	2.00000000	50.00000000	-0.05000000	0.86001083	0.00000000	3.14159265	3.14159265	1115.81124138	0.00000000	0.00000000	0.60905588	13.81677892	1115.81124138	1.00000000	0.00000000	 
0.28030508	2.00000000	50.00000000	-0.05000000	0.86001083	0.00000000	3.14159265	3.14159265	1434.35017518	0.00000000	0.00000000	0.66235738	13.85421148	1434.35017518	1.00000000	0.00000000	 
0.27630869	2.00000000	50.00000000	-0.05000000	0.86001083	0.00000000	3.14159265	3.14159265	2140.75767435	0.00000000	0.00000000	0.74157125	13.89896794	2140.75767435	1.00000000	0.00000000	 
0.27630869	2.00000000	50.00000000	-0.05000000	0.86001083	0.00000000	3.14159265	3.14159265	2140.75767435	0.00000000	0.00000000	0.74157125	13.89896794	2140.75767435	1.00000000	0.00000000	 
0.32702492	2.00000000	50.00000000	-0.05000000	0.88001127	0.00000000	3.14159265	3.14159265	2289.62529671	0.00000000	0.00000000	0.63637691	15.95252155	2289.62529671	1.00000000	0.00000000	 
0.96420079	2.00000000	50.00000000	-0.05000000	0.88001127	0.00000000	0.00000000	0.00000000	0.12921016	0.00000000	0.00000000	0.00000003	0.12921016	0.11420991	1.00000000	0.00000000	 
0.93752233	2.00000000	50.00000000	-0.05000000	0.88001127	0.00000000	0.00000000	0.00000000	0.38476066	0.00000000	0.00000000	0.00000049	0.38476066	0.35343777	1.00000000	0.00000000	 
0.90361467	2.00000000	50.00000000	-0.05000000	0.88001127	0.00000000	0.00000000	0.00000000	0.88994506	0.00000000	0.00000000	0.00000454	0.88994506	0.86479001	1.00000000	0.00000000	 
0.86726207	2.00000000	50.00000000	-0.05000000	0.88001127	0.00000000	3.14159265	3.14159265	1.68724583	0.00000000	0.00000000	0.00002334	1.62746258	1.68724583	1.00000000	0.00000000	 
0.82644168	2.00000000	50.00000000	-0.05000000	0.88001127	0.00000000	3.14159265	3.14159265	2.97774564	0.00000000	0.00000000	0.00009182	2.64989226	2.97774564	1.00000000	0.00000000	 
0.78442580	2.00000000	50.00000000	-0.05000000	0.88001127	0.00000000	3.14159265	3.14159265	4.78507411	0.00000000	0.00000000	0.00027776	3.85636772	4.78507411	1.00000000	0.00000000	 
0.74454599	2.00000000	50.00000000	-0.05000000	0.88001127	0.00000000	3.14159265	3.14159265	7.05095896	0.00000000	0.00000000	0.00066211	5.09017125	7.05095896	1.00000000	0.00000000	 
0.72101400	2.00000000	50.00000000	-0.05000000	0.88001127	0.00000000	3.14159265	3.14159265	8.69679164	0.00000000	0.00000000	0.00104072	5.83878437	8.69679164	1.00000000	0.00000000	 
0.70658893	2.00000000	50.00000000	-0.05000000	0.88001127	0.00000000	3.14159265	3.14159265	9.83976897	0.00000000	0.00000000	0.00134864	6.30106793	9.83976897	1.00000000	0.00000000	 
0.69245245	2.00000000	50.00000000	-0.05000000	0.88001127	0.00000000	3.14159265	3.14159265	11.07166568	0.00000000	0.00000000	0.00171756	6.75458529	11.07166568	1.00000000	0.00000000	 
0.67756308	2.00000000	50.00000000	-0.05000000	0.88001127	0.00000000	3.14159265	3.14159265	12.50260514	0.00000000	0.00000000	0.00218941	7.23057867	12.50260514	1.00000000	0.00000000	 
0.65896446	2.00000000	50.00000000	-0.05000000	0.88001127	0.00000000	3.14159265	3.14159265	14.50824826	0.00000000	0.00000000	0.00292347	7.82128207	14.50824826	1.00000000	0.00000000	 
0.63796103	2.00000000	50.00000000	-0.05000000	0.88001127	0.00000000	3.14159265	3.14159265	17.11307218	0.00000000	0.00000000	0.00419645	8.47845948	17.11307218	1.00000000	0.00000000	 
0.60638455	2.00000000	50.00000000	-0.05000000	0.88001127	0.00000000	3.14159265	3.14159265	21.87290857	0.00000000	0.00000000	0.00715422	9.44167884	21.87290857	1.00000000	0.00000000	 
0.57376502	2.00000000	50.00000000	-0.05000000	0.88001127	0.00000000	3.14159265	3.14159265	28.20690924	0.00000000	0.00000000	0.01199994	10.39703380	28.20690924	1.00000000	0.00000000	 
0.54081197	2.00000000	50.00000000	-0.05000000	0.88001127	0.00000000	3.14159265	3.14159265	36.70269915	0.00000000	0.00000000	0.01971839	11.31448808	36.70269915	1.00000000	0.00000000	 
0.49904635	2.00000000	50.00000000	-0.05000000	0.88001127	0.00000000	3.14159265	3.14159265	52.29453996	0.00000000	0.00000000	0.03611549	12.40197346	52.29453996	1.00000000	0.00000000	 
0.46050619	2.00000000	50.00000000	-0.05000000	0.88001127	0.00000000	3.14159265	3.14159265	75.39089532	0.00000000	0.00000000	0.06243666	13.32711526	75.39089532	1.00000000	0.00000000	 
0.41551077	2.00000000	50.00000000	-0.05000000	0.88001127	0.00000000	3.14159265	3.14159265	126.79358115	0.00000000	0.00000000	0.11956861	14.31048035	126.79358115	1.00000000	0.00000000	 
0.40175845	2.00000000	50.00000000	-0.05000000	0.88001127	0.00000000	3.14159265	3.14159265	154.02434536	0.00000000	0.00000000	0.14707103	14.59050079	154.02434536	1.00000000	0.00000000	 
0.38003242	2.00000000	50.00000000	-0.05000000	0.88001127	0.00000000	3.14159265	3.14159265	222.78682900	0.00000000	0.00000000	0.20738497	15.01407657	222.78682900	1.00000000	0.00000000	 
0.35674773	2.00000000	50.00000000	-0.05000000	0.88001127	0.00000000	3.14159265	3.14159265	387.68025531	0.00000000	0.00000000	0.31246303	15.44249022	387.68025531	1.00000000	0.00000000	 
0.35226487	2.00000000	50.00000000	-0.05000000	0.88001127	0.00000000	3.14159265	3.14159265	446.93207060	0.00000000	0.00000000	0.34098715	15.52200432	446.93207060	1.00000000	0.00000000	 
0.34125478	2.00000000	50.00000000	-0.05000000	0.88001127	0.00000000	3.14159265	3.14159265	699.26360443	0.00000000	0.00000000	0.43109388	15.71338541	699.26360443	1.00000000	0.00000000	 
0.33909441	2.00000000	50.00000000	-0.05000000	0.88001127	0.00000000	3.14159265	3.14159265	783.16743777	0.00000000	0.00000000	0.45348176	15.75028334	783.16743777	1.00000000	0.00000000	 
0.33446437	2.00000000	50.00000000	-0.05000000	0.88001127	0.00000000	3.14159265	3.14159265	1048.15251065	0.00000000	0.00000000	0.50933094	15.82863040	1048.15251065	1.00000000	0.00000000	 
0.33314888	2.00000000	50.00000000	-0.05000000	0.88001127	0.00000000	3.14159265	3.14159265	1157.81403703	0.00000000	0.00000000	0.52768169	15.85071041	1157.81403703	1.00000000	0.00000000	 
0.33239635	2.00000000	50.00000000	-0.05000000	0.88001127	0.00000000	3.14159265	3.14159265	1231.12056871	0.00000000	0.00000000	0.53879869	15.86330740	1231.12056871	1.00000000	0.00000000	 
0.33027205	2.00000000	50.00000000	-0.05000000	0.88001127	0.00000000	3.14159265	3.14159265	1512.53472465	0.00000000	0.00000000	0.57304170	15.89873483	1512.53472465	1.00000000	0.00000000	 
0.32864447	2.00000000	50.00000000	-0.05000000	0.88001127	0.00000000	3.14159265	3.14159265	1826.24379084	0.00000000	0.00000000	0.60278290	15.92574888	1826.24379084	1.00000000	0.00000000	 
0.32702492	2.00000000	50.00000000	-0.05000000	0.88001127	0.00000000	3.14159265	3.14159265	2289.62529671	0.00000000	0.00000000	0.63637691	15.95252155	2289.62529671	1.00000000	0.00000000	 
0.32702492	2.00000000	50.00000000	-0.05000000	0.88001127	0.00000000	3.14159265	3.14159265	2289.62529671	0.00000000	0.00000000	0.63637691	15.95252155	2289.62529671	1.00000000	0.00000000	 
0.00000614	2.00000000	50.00000000	-0.05000000	0.80001319	0.00000000	2.81033823	2.34187372	53.53518213	0.00000000	0.00000000	0.66022061	7.32839515	34.87131810	1.00000000	0.00000000	 
0.92649162	2.00000000	50.00000000	-0.05000000	0.80001319	0.00000000	0.00000000	0.00000000	0.28310939	0.00000000	0.00000000	0.00000027	0.28310939	0.27513763	1.00000000	0.00000000	 
0.85838672	2.00000000	50.00000000	-0.05000000	0.80001319	0.00000000	3.14159265	3.14159265	1.04946784	0.00000000	0.00000000	0.00000598	0.96257741	1.04946784	1.00000000	0.00000000	 
0.83504804	2.00000000	50.00000000	-0.05000000	0.80001319	0.00000000	3.14159265	3.14159265	1.43785609	0.00000000	0.00000000	0.00001230	1.26090557	1.43785609	1.00000000	0.00000000	 
0.79333107	2.00000000	50.00000000	-0.05000000	0.80001319	0.00000000	3.14159265	3.14159265	2.30482629	0.00000000	0.00000000	0.00004112	1.84877717	2.30482629	1.00000000	0.00000000	 
0.77206461	2.00000000	50.00000000	-0.05000000	0.80001319	0.00000000	3.14159265	3.14159265	2.83936000	0.00000000	0.00000000	0.00007334	2.16680264	2.83936000	1.00000000	0.00000000	 
0.76049832	2.00000000	50.00000000	-0.05000000	0.80001319	0.00000000	3.14159265	3.14159265	3.15839785	0.00000000	0.00000000	0.00009821	2.34326659	3.15839785	1.00000000	0.00000000	 
0.74769126	2.00000000	50.00000000	-0.05000000	0.80001319	0.00000000	3.14159265	3.14159265	3.53614080	0.00000000	0.00000000	0.00013383	2.54105566	3.53614080	1.00000000	0.00000000	 
0.73683481	2.00000000	50.00000000	-0.05000000	0.80001319	0.00000000	3.14159265	3.14159265	3.87733037	0.00000000	0.00000000	0.00017242	2.70967598	3.87733037	1.00000000	0.00000000	 
0.72613600	2.00000000	50.00000000	-0.05000000	0.80001319	0.00000000	3.14159265	3.14159265	4.23317782	0.00000000	0.00000000	0.00021926	2.87550736	4.23317782	1.00000000	0.00000000	 
0.70544314	2.00000000	50.00000000	-0.05000000	0.80001319	0.00000000	3.14159265	3.14159265	4.96040944	0.00000000	0.00000000	0.00033746	3.19570696	4.96040944	1.00000000	0.00000000	 
0.67728942	2.00000000	50.00000000	-0.05000000	0.80001319	0.00000000	3.14159265	3.14159265	6.07304103	0.00000000	0.00000000	0.00057067	3.62811909	6.07304103	1.00000000	0.00000000	 
0.63748452	2.00000000	50.00000000	-0.05000000	0.80001319	0.00000000	3.14159265	3.14159265	7.91656049	0.00000000	0.00000000	0.00112164	4.22357235	7.91656049	1.00000000	0.00000000	 
0.57280939	2.00000000	50.00000000	-0.05000000	0.80001319	0.00000000	3.14159265	3.14159265	11.73215131	0.00000000	0.00000000	0.00292992	5.12482738	11.73215131	1.00000000	0.00000000	 
0.51469578	2.00000000	50.00000000	-0.05000000	0.80001319	0.00000000	3.14159265	3.14159265	16.20242061	0.00000000	0.00000000	0.00623386	5.84375391	16.20242061	1.00000000	0.00000000	 
0.44084481	2.00000000	50.00000000	-0.05000000	0.80001319	0.00000000	3.14159265	3.14159265	23.58486289	0.00000000	0.00000000	0.01460573	6.61563552	23.58486289	1.00000000	0.00000000	 
0.34872745	2.00000000	50.00000000	-0.05000000	0.80001319	0.00000000	3.14159265	3.14159265	35.31393911	0.00000000	0.00000000	0.03737357	7.34134381	35.31393911	1.00000000	0.00000000	 
0.24388677	2.00000000	50.00000000	-0.05000000	0.80001319	0.00000000	3.14159265	3.14159265	47.49344111	0.00000000	0.00000000	0.09691924	7.82733788	47.49344111	1.00000000	0.00000000	 
0.21323653	2.00000000	50.00000000	-0.05000000	0.80001319	0.00000000	3.14159265	3.14159265	48.97555997	0.00000000	0.00000000	0.12566631	7.89781359	48.97555997	1.00000000	0.00000000	 
0.16848024	2.00000000	50.00000000	-0.05000000	0.80001319	0.00000000	3.10478661	3.05273499	48.26518259	0.00000000	0.00000000	0.18111904	7.93874419	48.07468527	1.00000000	0.00000000	 
0.13117662	2.00000000	50.00000000	-0.05000000	0.80001319	0.00000000	3.14159265	2.63893783	48.31316109	0.00000000	0.00000000	0.24287263	7.91332495	44.37286625	1.00000000	0.00000000	 
0.10073311	2.00000000	50.00000000	-0.05000000	0.80001319	0.00000000	3.14159265	2.63893783	48.39697456	0.00000000	0.00000000	0.30655975	7.84909857	41.56264712	1.00000000	0.00000000	 
0.07212361	2.00000000	50.00000000	-0.05000000	0.80001319	0.00000000	3.14159265	2.63893783	47.54648340	0.00000000	0.00000000	0.38003296	7.75182281	40.53360829	1.00000000	0.00000000	 
0.04565758	2.00000000	50.00000000	-0.05000000	0.80001319	0.00000000	2.81033823	2.34187372	48.32440437	0.00000000	0.00000000	0.46854105	7.62747020	38.85737230	1.00000000	0.00000000	 
0.02726294	2.00000000	50.00000000	-0.05000000	0.80001319	0.00000000	2.81033823	2.34187372	50.36785515	0.00000000	0.00000000	0.53901701	7.52026738	37.38097620	1.00000000	0.00000000	 
0.01247173	2.00000000	50.00000000	-0.05000000	0.80001319	0.00000000	2.81033823	2.34187372	52.06455395	0.00000000	0.00000000	0.60147256	7.42121532	36.05699509	1.00000000	0.00000000	 
0.00383934	2.00000000	50.00000000	-0.05000000	0.80001319	0.00000000	2.81033823	2.34187372	53.07872691	0.00000000	0.00000000	0.64150526	7.35787008	35.24161932	1.00000000	0.00000000	 
0.00064322	2.00000000	50.00000000	-0.05000000	0.80001319	0.00000000	2.81033823	2.34187372	53.45902406	0.00000000	0.00000000	0.65706685	7.33335460	34.93320612	1.00000000	0.00000000	 
0.00005171	2.00000000	50.00000000	-0.05000000	0.80001319	0.00000000	2.81033823	2.34187372	53.52973331	0.00000000	0.00000000	0.65999455	7.32875053	34.87574718	1.00000000	0.00000000	 
0.00000614	2.00000000	50.00000000	-0.05000000	0.80001319	0.00000000	2.81033823	2.34187372	53.53518213	0.00000000	0.00000000	0.66022061	7.32839515	34.87131810	1.00000000	0.00000000	 
0.00000614	2.00000000	50.00000000	-0.05000000	0.80001319	0.00000000	2.81033823	2.34187372	53.53518213	0.00000000	0.00000000	0.66022061	7.32839515	34.87131810	1.00000000	0.00000000	 
